0 814
814 1128
1942 2971
4913 4443
9356 9711
19067 2223
21290 3198
24488 2133
26621 2314
28935 27075
56010 1928
57938 1808
59746 5408
65154 5498
70652 2535
73187 3446
76633 4810
81443 3761
85204 3414
88618 15522
104140 4178
108318 3631
111949 10191
122140 1716
123856 1537
125393 5902
131295 10994
142289 5288
147577 3890
151467 2233
153700 1344
155044 702
155746 1568
157314 4687
162001 2773
164774 1989
166763 8829
175592 6309
181901 5229
187130 2010
189140 6512
195652 3006
198658 2976
201634 7548
209182 1734
210916 2154
213070 2629
215699 1736
217435 7652
225087 3418
228505 3075
231580 1937
233517 5612
239129 8223
247352 3245
250597 615
251212 3694
254906 5161
260067 6947
267014 959
267973 2401
270374 4406
274780 3590
278370 2943
281313 5664
286977 5126
292103 7392
299495 1162
300657 3977
304634 1385
306019 7385
313404 3331
316735 4420
321155 4914
326069 2383
328452 6117
334569 2317
336886 1746
338632 15350
353982 9335
363317 5431
368748 1409
370157 5734
375891 1431
377322 6602
383924 4671
388595 4647
393242 9806
403048 1769
404817 3515
408332 15744
424076 9635
433711 3947
437658 7934
445592 13817
459409 3835
463244 14129
477373 5437
482810 5162
487972 7855
495827 5349
501176 11038
512214 1863
514077 7298
521375 3719
525094 7957
533051 509
533560 5244
538804 2525
541329 3112
544441 3910
548351 780
549131 902
550033 5703
555736 1515
557251 2169
559420 2649
562069 3697
565766 3301
569067 2117
571184 4857
576041 10173
586214 618
586832 3195
590027 3484
593511 5345
598856 3794
602650 6279
608929 9887
618816 2106
620922 1662
622584 3154
625738 5611
631349 3699
635048 2013
637061 4425
641486 1395
642881 9484
652365 4607
656972 2612
659584 3606
663190 1834
665024 1514
666538 1536
668074 4747
672821 2922
675743 8590
684333 7806
692139 5337
697476 3072
700548 7155
707703 1225
708928 2832
711760 2619
714379 1979
716358 2348
718706 555
719261 5912
725173 548
725721 2104
727825 6656
734481 5911
740392 2549
742941 3103
746044 8970
755014 3645
758659 3922
762581 3069
765650 8985
774635 4069
778704 3422
782126 3667
785793 1496
787289 4511
791800 1051
792851 1805
794656 5625
800281 2124
802405 1825
804230 15883
820113 5962
826075 2283
828358 2647
831005 5432
836437 3951
840388 13800
854188 3855
858043 1878
859921 3668
863589 6623
870212 2990
873202 594
873796 4719
878515 4585
883100 2739
885839 4772
890611 2187
892798 769
893567 3368
896935 3719
900654 6385
907039 1516
908555 2713
911268 2122
913390 3137
916527 1631
918158 8543
926701 3532
930233 3419
933652 1394
935046 7944
942990 8228
951218 8665
959883 5714
965597 7110
972707 5519
978226 1823
980049 6452
986501 9064
995565 3892
999457 4621
1004078 2755
1006833 2425
1009258 3889
1013147 4837
1017984 4290
1022274 3275
1025549 7080
1032629 8603
1041232 8516
1049748 2824
1052572 673
1053245 4217
1057462 8163
1065625 8364
1073989 5435
1079424 2440
1081864 7625
1089489 6669
1096158 3489
1099647 2926
1102573 1086
1103659 3080
1106739 10627
1117366 7590
1124956 7643
1132599 1067
1133666 2995
1136661 1820
1138481 8054
1146535 6968
1153503 4088
1157591 1058
1158649 9606
1168255 9657
1177912 2732
1180644 3820
1184464 5717
1190181 14809
1204990 3071
1208061 4482
1212543 7918
1220461 6525
1226986 2533
1229519 3892
1233411 3827
1237238 3412
1240650 5104
1245754 2266
1248020 1132
1249152 1389
1250541 4021
1254562 1016
1255578 3512
1259090 3326
1262416 3701
1266117 3302
1269419 2490
1271909 1012
1272921 1287
1274208 8092
1282300 7038
1289338 4509
1293847 7323
1301170 1021
1302191 3355
1305546 9096
1314642 2173
1316815 6321
1323136 6312
1329448 1168
1330616 856
1331472 6826
1338298 3607
1341905 2706
1344611 1049
1345660 3785
1349445 1680
1351125 2730
1353855 543
1354398 4179
1358577 6101
1364678 1767
1366445 3622
1370067 2484
1372551 5809
1378360 7795
1386155 4968
1391123 936
1392059 1302
1393361 2062
1395423 4094
1399517 3523
1403040 635
1403675 4088
1407763 2939
1410702 2882
1413584 3534
1417118 5641
1422759 4676
1427435 5123
1432558 2736
1435294 9197
1444491 9435
1453926 5577
1459503 2052
1461555 7384
1468939 3517
1472456 3763
1476219 2637
1478856 8395
1487251 1337
1488588 1913
1490501 3117
1493618 4589
1498207 2054
1500261 1230
1501491 1250
1502741 5318
1508059 2812
1510871 4045
1514916 1167
1516083 2053
1518136 2175
1520311 1368
1521679 2923
1524602 1615
1526217 5327
1531544 768
1532312 563
1532875 892
1533767 703
1534470 564
1535034 1372
1536406 3555
1539961 3770
1543731 543
1544274 2116
1546390 1369
1547759 3427
1551186 3299
1554485 5355
1559840 3041
1562881 3842
1566723 3321
1570044 3070
1573114 2132
1575246 1966
1577212 3229
1580441 3808
1584249 242
1584491 2203
1586694 3840
1590534 3653
1594187 11183
1605370 10106
1615476 3855
1619331 3479
1622810 4249
1627059 1548
1628607 1489
1630096 2384
1632480 1981
1634461 3133
1637594 2792
1640386 2419
1642805 5698
1648503 2582
1651085 8612
1659697 7435
1667132 2449
1669581 1493
1671074 1673
1672747 2706
1675453 2614
1678067 2285
1680352 3096
1683448 2102
1685550 3020
1688570 6988
1695558 6394
1701952 6926
1708878 6805
1715683 3977
1719660 8158
1727818 7819
1735637 3149
1738786 1832
1740618 3016
1743634 1648
1745282 3058
1748340 3469
1751809 1893
1753702 1560
1755262 4804
1760066 1777
1761843 1551
1763394 2497
1765891 3648
1769539 2096
1771635 1491
1773126 2844
1775970 7850
1783820 3365
1787185 3658
1790843 8907
1799750 3766
1803516 2857
1806373 2234
1808607 3600
1812207 3527
1815734 2103
1817837 1632
1819469 1826
1821295 6392
1827687 3231
1830918 2267
1833185 1892
1835077 3454
1838531 2037
1840568 4182
1844750 2746
1847496 3789
1851285 1778
1853063 1569
1854632 1578
1856210 1650
1857860 3680
1861540 2765
1864305 3992
1868297 2411
1870708 2425
1873133 2619
1875752 2402
1878154 2564
1880718 23283
1904001 3244
1907245 3646
1910891 6348
1917239 3117
1920356 3325
1923681 3438
1927119 5265
1932384 1640
1934024 2617
1936641 3447
1940088 2478
1942566 1106
1943672 2389
1946061 5109
1951170 4253
1955423 3044
1958467 3803
1962270 2665
1964935 5446
1970381 2553
1972934 3815
1976749 1125
1977874 5340
1983214 1468
1984682 1240
1985922 2070
1987992 7469
1995461 3355
1998816 2563
2001379 5026
2006405 6571
2012976 4748
2017724 4266
2021990 3634
2025624 3081
2028705 4132
2032837 8676
2041513 4067
2045580 7563
2053143 38599
2091742 17903
2109645 5322
2114967 2800
2117767 10572
2128339 3814
2132153 4759
2136912 5439
2142351 4857
2147208 5277
2152485 6757
2159242 6516
2165758 4710
2170468 4181
2174649 8984
2183633 8436
2192069 5514
2197583 4303
2201886 7475
2209361 7936
2217297 5679
2222976 4496
2227472 4991
2232463 4349
2236812 4401
2241213 5377
2246590 1288
2247878 4040
2251918 19903
2271821 3740
2275561 6364
2281925 4709
2286634 2845
2289479 3512
2292991 3945
2296936 3499
2300435 4308
2304743 11947
2316690 4275
2320965 8250
2329215 7894
2337109 8034
2345143 7341
2352484 1660
2354144 5283
2359427 16480
2375907 4639
2380546 9480
2390026 5340
2395366 4228
2399594 4817
2404411 10540
2414951 5586
2420537 4144
2424681 3777
2428458 3344
2431802 3449
2435251 18462
2453713 4839
2458552 5395
2463947 3430
2467377 11506
2478883 7908
2486791 19570
2506361 5486
2511847 1261
2513108 2158
2515266 2902
2518168 3697
2521865 19385
2541250 19808
2561058 4383
2565441 4329
2569770 3553
2573323 12596
2585919 6816
2592735 25818
2618553 11259
2629812 7126
2636938 1582
2638520 5979
2644499 6383
2650882 23622
2674504 1598
2676102 2841
2678943 2709
2681652 2777
2684429 1949
2686378 2468
2688846 1586
2690432 1177
2691609 1177
2692786 820
2693606 8112
2701718 5578
2707296 1352
2708648 2036
2710684 4787
2715471 6817
2722288 8218
2730506 3948
2734454 1276
2735730 8888
2744618 6048
2750666 2092
2752758 4487
2757245 1974
2759219 2432
2761651 1300
2762951 2953
2765904 2187
2768091 3044
2771135 970
2772105 3800
2775905 2626
2778531 1544
2780075 3439
2783514 1686
2785200 6404
2791604 2498
2794102 2185
2796287 5104
2801391 8600
2809991 5222
2815213 1120
2816333 1332
2817665 2498
2820163 2394
2822557 1852
2824409 3535
2827944 2452
2830396 3959
2834355 3787
2838142 13419
2851561 2494
2854055 2116
2856171 2464
2858635 2688
2861323 6415
2867738 8030
2875768 5262
2881030 5980
2887010 4592
2891602 2528
2894130 2516
2896646 7447
2904093 1167
2905260 1810
2907070 1953
2909023 669
2909692 510
2910202 633
2910835 2605
2913440 2547
2915987 1950
2917937 5802
2923739 2065
2925804 3853
2929657 2416
2932073 1606
2933679 3041
2936720 1808
2938528 8339
2946867 1728
2948595 2169
2950764 1031
2951795 5468
2957263 2000
2959263 1530
2960793 1885
2962678 1199
2963877 1206
2965083 6987
2972070 3785
2975855 1051
2976906 2501
2979407 2260
2981667 3251
2984918 2616
2987534 30071
3017605 1125
3018730 1775
3020505 5138
3025643 1279
3026922 1679
3028601 1760
3030361 2439
3032800 1707
3034507 1611
3036118 2668
3038786 3251
3042037 4693
3046730 1813
3048543 984
3049527 1523
3051050 2083
3053133 1557
3054690 1829
3056519 1317
3057836 1936
3059772 1652
3061424 889
3062313 2747
3065060 1904
3066964 6184
3073148 2758
3075906 1433
3077339 1235
3078574 2717
3081291 1486
3082777 2346
3085123 1497
3086620 1369
3087989 2221
3090210 1550
3091760 1745
3093505 5249
3098754 2617
3101371 5639
3107010 1327
3108337 3000
3111337 1632
3112969 2820
3115789 891
3116680 1638
3118318 4026
3122344 3267
3125611 3016
3128627 3388
3132015 2743
3134758 1438
3136196 1401
3137597 1658
3139255 1121
3140376 3355
3143731 3232
3146963 3809
3150772 1785
3152557 4903
3157460 1816
3159276 1000
3160276 1301
3161577 1016
3162593 1193
3163786 5117
3168903 1886
3170789 1160
3171949 1323
3173272 1269
3174541 4214
3178755 1537
3180292 2720
3183012 2172
3185184 1130
3186314 1865
3188179 5030
3193209 2369
3195578 3167
3198745 5200
3203945 5591
3209536 4725
3214261 5562
3219823 1904
3221727 3908
3225635 6106
3231741 2489
3234230 4461
3238691 998
3239689 815
3240504 4199
3244703 2696
3247399 2985
3250384 1279
3251663 1972
3253635 2345
3255980 2763
3258743 2331
3261074 1318
3262392 4726
3267118 4607
3271725 3604
3275329 3157
3278486 4131
3282617 4530
3287147 2800
3289947 3848
3293795 2335
3296130 1766
3297896 2324
3300220 20525
3320745 3337
3324082 4109
3328191 1944
3330135 8759
3338894 2703
3341597 5342
3346939 5374
3352313 3714
3356027 4195
3360222 5957
3366179 3054
3369233 5487
3374720 1763
3376483 2646
3379129 5057
3384186 4814
3389000 3337
3392337 5445
3397782 5516
3403298 4303
3407601 2563
3410164 4437
3414601 7425
3422026 4756
3426782 927
3427709 818
3428527 2259
3430786 1804
3432590 962
3433552 1864
3435416 12162
3447578 4460
3452038 6913
3458951 10006
3468957 1141
3470098 9970
3480068 3405
3483473 1427
3484900 3541
3488441 5391
3493832 4691
3498523 5566
3504089 2604
3506693 3965
3510658 1339
3511997 9398
3521395 3313
3524708 619
3525327 1572
3526899 3344
3530243 1906
3532149 3301
3535450 5137
3540587 2156
3542743 5856
3548599 4241
3552840 4942
3557782 9687
3567469 2054
3569523 1888
3571411 2680
3574091 3222
3577313 9573
3586886 3497
3590383 8413
3598796 1761
3600557 1100
3601657 1513
3603170 1090
3604260 1403
3605663 5395
3611058 5027
3616085 2186
3618271 1773
3620044 4051
3624095 2354
3626449 2291
3628740 7705
3636445 1350
3637795 1509
3639304 4314
3643618 1298
3644916 1266
3646182 1443
3647625 1720
3649345 5218
3654563 2557
3657120 10965
3668085 3863
3671948 9610
3681558 1600
3683158 2147
3685305 7066
3692371 1898
3694269 7396
3701665 3420
3705085 1953
3707038 12921
3719959 5285
3725244 4710
3729954 1409
3731363 2507
3733870 2354
3736224 2186
3738410 1413
3739823 1202
3741025 704
3741729 4792
3746521 1327
3747848 934
3748782 3148
3751930 1927
3753857 2910
3756767 1003
3757770 1353
3759123 1388
3760511 560
3761071 4990
3766061 3277
3769338 2243
3771581 892
3772473 818
3773291 1277
3774568 1623
3776191 800
3776991 1717
3778708 586
3779294 1874
3781168 2504
3783672 2355
3786027 2720
3788747 1682
3790429 654
3791083 2193
3793276 2229
3795505 2233
3797738 2356
3800094 2168
3802262 514
3802776 2461
3805237 1266
3806503 3134
3809637 1592
3811229 739
3811968 1077
3813045 1063
3814108 1119
3815227 6724
3821951 2195
3824146 1966
3826112 6241
3832353 3662
3836015 665
3836680 1871
3838551 3115
3841666 1292
3842958 2335
3845293 1147
3846440 3514
3849954 4146
3854100 4362
3858462 6322
3864784 3789
3868573 746
3869319 4311
3873630 4115
3877745 571
3878316 1033
3879349 1618
3880967 3689
3884656 3623
3888279 4838
3893117 2732
3895849 2113
3897962 3165
3901127 836
3901963 7216
3909179 981
3910160 3182
3913342 2419
3915761 2708
3918469 2584
3921053 4105
3925158 2076
3927234 1896
3929130 4470
3933600 1457
3935057 4459
3939516 3916
3943432 5715
3949147 6699
3955846 4565
3960411 1304
3961715 2883
3964598 6478
3971076 2573
3973649 3482
3977131 2747
3979878 2311
3982189 10534
3992723 798
3993521 9150
4002671 2239
4004910 2555
4007465 2425
4009890 2404
4012294 1381
4013675 1170
4014845 2980
4017825 10206
4028031 1311
4029342 4003
4033345 1159
4034504 10830
4045334 1870
4047204 3398
4050602 3377
4053979 3617
4057596 9727
4067323 2219
4069542 1146
4070688 815
4071503 1089
4072592 1867
4074459 8556
4083015 3490
4086505 6380
4092885 4849
4097734 5645
4103379 1741
4105120 5395
4110515 1726
4112241 1745
4113986 6837
4120823 2819
4123642 1531
4125173 2101
4127274 2615
4129889 2612
4132501 3815
4136316 1983
4138299 1589
4139888 2588
4142476 2035
4144511 3780
4148291 970
4149261 1235
4150496 1954
4152450 1466
4153916 3839
4157755 5746
4163501 2268
4165769 2930
4168699 1532
4170231 5778
4176009 2686
4178695 1315
4180010 1293
4181303 1362
4182665 7983
4190648 1740
4192388 2858
4195246 1270
4196516 1458
4197974 5152
4203126 3069
4206195 1324
4207519 2816
4210335 1471
4211806 957
4212763 2803
4215566 1522
4217088 935
4218023 3028
4221051 1250
4222301 8807
4231108 2636
4233744 1652
4235396 2262
4237658 2018
4239676 6281
4245957 2106
4248063 1594
4249657 3175
4252832 2711
4255543 2910
4258453 1064
4259517 1446
4260963 5533
4266496 3646
4270142 2108
4272250 5836
4278086 6808
4284894 1248
4286142 1547
4287689 2226
4289915 2973
4292888 1247
4294135 949
4295084 1895
4296979 2994
4299973 6913
4306886 2688
4309574 1590
4311164 1795
4312959 1732
4314691 987
4315678 8986
4324664 5637
4330301 5695
4335996 5512
4341508 6769
4348277 2100
4350377 19483
4369860 1846
4371706 1264
4372970 3062
4376032 1884
4377916 2719
4380635 4201
4384836 1439
4386275 621
4386896 6598
4393494 2442
4395936 1855
4397791 3373
4401164 1915
4403079 13785
4416864 3057
4419921 2394
4422315 2858
4425173 18400
4443573 3790
4447363 2458
4449821 2083
4451904 2553
4454457 3479
4457936 2505
4460441 2560
4463001 20309
4483310 8440
4491750 4413
4496163 4517
4500680 4186
4504866 1576
4506442 4528
4510970 1406
4512376 1224
4513600 1522
4515122 7470
4522592 2222
4524814 18069
4542883 8922
4551805 5719
4557524 4067
4561591 3604
4565195 2096
4567291 16416
4583707 4503
4588210 1196
4589406 1970
4591376 1396
4592772 8219
4600991 5215
4606206 6887
4613093 1972
4615065 8248
4623313 7605
4630918 8549
4639467 5021
4644488 6788
4651276 15135
4666411 7585
4673996 5125
4679121 1413
4680534 1614
4682148 2196
4684344 861
4685205 6415
4691620 2176
4693796 8341
4702137 4267
4706404 1920
4708324 5281
4713605 5513
4719118 9160
4728278 4736
4733014 9569
4742583 3816
4746399 1117
4747516 1469
4748985 1402
4750387 9123
4759510 1772
4761282 812
4762094 1499
4763593 12597
4776190 8077
4784267 4122
4788389 5044
4793433 4507
4797940 8984
4806924 2261
4809185 5408
4814593 2969
4817562 3154
4820716 1725
4822441 8135
4830576 3733
4834309 14215
4848524 3326
4851850 3920
4855770 4356
4860126 11636
4871762 973
4872735 8047
4880782 6309
4887091 825
4887916 5725
4893641 15743
4909384 959
4910343 6108
4916451 720
4917171 5304
4922475 8105
4930580 1484
4932064 4406
4936470 744
4937214 8956
4946170 1403
4947573 2030
4949603 3150
4952753 6353
4959106 1017
4960123 971
4961094 1181
4962275 6346
4968621 2878
4971499 5112
4976611 9103
4985714 7388
4993102 1543
4994645 675
4995320 3318
4998638 2913
5001551 2251
5003802 5748
5009550 4446
5013996 726
5014722 2587
5017309 1572
5018881 2551
5021432 4395
5025827 2960
5028787 5465
5034252 5899
5040151 4498
5044649 2795
5047444 2101
5049545 1103
5050648 841
5051489 2672
5054161 5816
5059977 981
5060958 1841
5062799 1768
5064567 1240
5065807 2260
5068067 2465
5070532 1427
5071959 616
5072575 5037
5077612 6155
5083767 11657
5095424 1251
5096675 2376
5099051 2216
5101267 2854
5104121 5220
5109341 2474
5111815 3056
5114871 20113
5134984 2882
5137866 1646
5139512 1797
5141309 1494
5142803 7384
5150187 4636
5154823 12624
5167447 2446
5169893 1856
5171749 1479
5173228 3142
5176370 1412
5177782 3914
5181696 1370
5183066 2419
5185485 1993
5187478 3499
5190977 1004
5191981 7353
5199334 5243
5204577 6603
5211180 4467
5215647 3732
5219379 2783
5222162 30956
5253118 3995
5257113 5320
5262433 2878
5265311 1998
5267309 1259
5268568 2595
5271163 2726
5273889 758
5274647 5983
5280630 3359
5283989 8976
5292965 4048
5297013 2074
5299087 3455
5302542 7621
5310163 2665
5312828 2762
5315590 9693
5325283 19370
5344653 3141
5347794 2778
5350572 5401
5355973 2286
5358259 4292
5362551 6621
5369172 995
5370167 4914
5375081 8313
5383394 5380
5388774 6711
5395485 955
5396440 3820
5400260 2984
5403244 3619
5406863 2575
5409438 3735
5413173 4721
5417894 9665
5427559 9672
5437231 11564
5448795 2188
5450983 4831
5455814 3053
5458867 1683
5460550 5821
5466371 2066
5468437 1958
5470395 8427
5478822 8830
5487652 2793
5490445 4528
5494973 3183
5498156 1979
5500135 10684
5510819 6317
5517136 4918
5522054 5341
5527395 1355
5528750 1891
5530641 3640
5534281 3739
5538020 2568
5540588 7723
5548311 7040
5555351 6523
5561874 8837
5570711 3188
5573899 2848
5576747 1881
5578628 7098
5585726 3449
5589175 2688
5591863 1200
5593063 11674
5604737 10878
5615615 9939
5625554 6974
5632528 8974
5641502 2330
5643832 557
5644389 2812
5647201 660
5647861 4337
5652198 2359
5654557 9230
5663787 6558
5670345 1599
5671944 7451
5679395 2770
5682165 7721
5689886 4512
5694398 2977
5697375 6347
5703722 9291
5713013 3011
5716024 4423
5720447 3935
5724382 1753
5726135 6555
5732690 5512
5738202 5271
5743473 8067
5751540 1875
5753415 2857
5756272 8531
5764803 4250
5769053 3251
5772304 12883
5785187 4600
5789787 2397
5792184 2453
5794637 685
5795322 1402
5796724 10108
5806832 21787
5828619 3539
5832158 1448
5833606 1093
5834699 5785
5840484 1238
5841722 936
5842658 10846
5853504 1381
5854885 17751
5872636 9499
5882135 2869
5885004 1381
5886385 4624
5891009 5981
5896990 1085
5898075 903
5898978 2327
5901305 8191
5909496 3280
5912776 1867
5914643 555
5915198 1573
5916771 2301
5919072 3833
5922905 5959
5928864 1355
5930219 3193
5933412 1265
5934677 1339
5936016 1129
5937145 5561
5942706 955
5943661 4389
5948050 8900
5956950 3615
5960565 1631
5962196 1363
5963559 6420
5969979 4097
5974076 1275
5975351 2968
5978319 2681
5981000 1804
5982804 4135
5986939 12841
5999780 1499
6001279 4054
6005333 3604
6008937 1389
6010326 1112
6011438 3983
6015421 6897
6022318 1608
6023926 1542
6025468 1477
6026945 2455
6029400 2182
6031582 1771
6033353 1788
6035141 1179
6036320 1660
6037980 829
6038809 7045
6045854 8152
6054006 1501
6055507 1107
6056614 4691
6061305 2446
6063751 1189
6064940 6458
6071398 1794
6073192 7575
6080767 2189
6082956 6412
6089368 4015
6093383 1415
6094798 8355
6103153 6916
6110069 9551
6119620 3664
6123284 2247
6125531 3413
6128944 4750
6133694 1703
6135397 641
6136038 675
6136713 648
6137361 693
6138054 675
6138729 621
6139350 644
6139994 707
6140701 688
6141389 658
6142047 653
6142700 656
6143356 656
6144012 656
6144668 653
6145321 658
6145979 662
6146641 674
6147315 657
6147972 644
6148616 650
6149266 703
6149969 646
6150615 691
6151306 592
6151898 659
6152557 702
6153259 655
6153914 687
6154601 660
6155261 680
6155941 673
6156614 683
6157297 656
6157953 654
6158607 675
6159282 696
6159978 653
6160631 574
6161205 674
6161879 659
6162538 645
6163183 692
6163875 650
6164525 678
6165203 691
6165894 687
6166581 644
6167225 313
6167538 674
6168212 657
6168869 685
6169554 679
6170233 701
6170934 653
6171587 659
6172246 654
6172900 658
6173558 678
6174236 656
6174892 674
6175566 652
6176218 649
6176867 665
6177532 698
6178230 678
6178908 688
6179596 678
6180274 680
6180954 654
6181608 651
6182259 640
6182899 644
6183543 647
6184190 655
6184845 663
6185508 655
6186163 620
6186783 661
6187444 643
6188087 657
6188744 678
6189422 655
6190077 657
6190734 654
6191388 654
6192042 685
6192727 663
6193390 686
6194076 686
6194762 644
6195406 637
6196043 648
6196691 655
6197346 663
6198009 656
6198665 659
6199324 620
6199944 678
6200622 647
6201269 658
6201927 644
6202571 678
6203249 661
6203910 638
6204548 648
6205196 656
6205852 665
6206517 657
6207174 654
6207828 622
6208450 676
6209126 660
6209786 642
6210428 678
6211106 652
6211758 661
6212419 726
6213145 663
6213808 639
6214447 619
6215066 655
6215721 649
6216370 656
6217026 663
6217689 656
6218345 659
6219004 644
6219648 677
6220325 677
6221002 649
6221651 649
6222300 639
6222939 652
6223591 656
6224247 619
6224866 677
6225543 659
6226202 640
6226842 648
6227490 657
6228147 647
6228794 650
6229444 667
6230111 619
6230730 711
6231441 644
6232085 700
6232785 692
6233477 649
6234126 693
6234819 668
6235487 685
6236172 680
6236852 684
6237536 672
6238208 685
6238893 659
6239552 655
6240207 650
6240857 666
6241523 645
6242168 666
6242834 643
6243477 680
6244157 658
6244815 642
6245457 645
6246102 635
6246737 659
6247396 657
6248053 656
6248709 666
6249375 656
6250031 678
6250709 642
6251351 632
6251983 657
6252640 695
6253335 651
6253986 682
6254668 711
6255379 668
6256047 670
6256717 682
6257399 681
6258080 646
6258726 652
6259378 638
6260016 656
6260672 710
6261382 641
6262023 654
6262677 662
6263339 637
6263976 651
6264627 651
6265278 663
6265941 660
6266601 668
6267269 658
6267927 640
6268567 679
6269246 678
6269924 621
6270545 680
6271225 663
6271888 640
6272528 658
6273186 643
6273829 645
6274474 656
6275130 715
6275845 660
6276505 690
6277195 682
6277877 667
6278544 680
6279224 677
6279901 5139
6285040 9824
6294864 1685
6296549 774
6297323 759
6298082 2953
6301035 1903
6302938 2344
6305282 3215
6308497 2925
6311422 2988
6314410 3040
6317450 2470
6319920 2501
6322421 2570
6324991 886
6325877 1628
6327505 5862
6333367 2610
6335977 1320
6337297 2077
6339374 1612
6340986 2930
6343916 5835
6349751 1227
6350978 2854
6353832 1876
6355708 1269
6356977 1153
6358130 1810
6359940 6024
6365964 3472
6369436 1627
6371063 645
6371708 2736
6374444 931
6375375 5793
6381168 5243
6386411 1645
6388056 796
6388852 2517
6391369 5832
6397201 3771
6400972 3747
6404719 3705
6408424 3882
6412306 3828
6416134 3852
6419986 3789
6423775 3828
6427603 661
6428264 5852
6434116 717
6434833 2837
6437670 2900
6440570 1125
6441695 1308
6443003 7613
6450616 1517
6452133 2329
6454462 2129
6456591 1490
6458081 1016
6459097 1735
6460832 2655
6463487 17073
6480560 1579
6482139 4880
6487019 2141
6489160 2852
6492012 6312
6498324 566
6498890 4066
6502956 2074
6505030 1245
6506275 4691
6510966 886
6511852 2150
6514002 1928
6515930 4215
6520145 4728
6524873 9270
6534143 4163
6538306 2739
6541045 877
6541922 842
6542764 941
6543705 1085
6544790 1509
6546299 1233
6547532 1809
6549341 4586
6553927 1112
6555039 4253
6559292 1856
6561148 4988
6566136 2662
6568798 2632
6571430 392
6571822 1558
6573380 1531
6574911 2220
6577131 1524
6578655 1112
6579767 2698
6582465 1046
6583511 360
6583871 4608
6588479 1315
6589794 924
6590718 3949
6594667 1371
6596038 3159
6599197 2654
6601851 567
6602418 1320
6603738 1269
6605007 2529
6607536 1228
6608764 8180
6616944 1366
6618310 7446
6625756 7040
6632796 4953
6637749 1691
6639440 1625
6641065 2068
6643133 1373
6644506 537
6645043 1386
6646429 2328
6648757 1569
6650326 11589
6661915 2084
6663999 847
6664846 949
6665795 1090
6666885 1855
6668740 746
6669486 11602
6681088 1813
6682901 2995
6685896 3776
6689672 980
6690652 2240
6692892 1259
6694151 4793
6698944 7086
6706030 1073
6707103 1812
6708915 2597
6711512 1515
6713027 1276
6714303 6710
6721013 3570
6724583 1037
6725620 3565
6729185 1683
6730868 3026
6733894 1350
6735244 539
6735783 806
6736589 4867
6741456 1264
6742720 6477
6749197 2722
6751919 474
6752393 4273
6756666 1517
6758183 2156
6760339 2826
6763165 3206
6766371 1406
6767777 1564
6769341 1166
6770507 1481
6771988 2380
6774368 621
6774989 449
6775438 459
6775897 475
6776372 519
6776891 489
6777380 497
6777877 521
6778398 557
6778955 505
6779460 535
6779995 511
6780506 503
6781009 519
6781528 487
6782015 555
6782570 3716
6786286 2035
6788321 3251
6791572 2896
6794468 7612
6802080 445
6802525 547
6803072 11295
6814367 4526
6818893 3711
6822604 9061
6831665 3442
6835107 2086
6837193 2036
6839229 7166
6846395 6499
6852894 3725
6856619 2281
6858900 15004
6873904 6449
6880353 1363
6881716 2010
6883726 2972
6886698 2619
6889317 2171
6891488 1623
6893111 1425
6894536 769
6895305 421
6895726 4022
6899748 3959
6903707 3097
6906804 4199
6911003 7642
6918645 5472
6924117 1390
6925507 1207
6926714 963
6927677 1893
6929570 2454
6932024 5531
6937555 2545
6940100 8135
6948235 2505
6950740 950
6951690 881
6952571 1677
6954248 2273
6956521 7321
6963842 1675
6965517 4803
6970320 2491
6972811 3672
6976483 2727
6979210 7003
6986213 2338
6988551 3057
6991608 4639
6996247 2557
6998804 2919
7001723 1940
7003663 1309
7004972 4772
7009744 1669
7011413 1038
7012451 1637
7014088 1835
7015923 4644
7020567 1708
7022275 2720
7024995 9384
7034379 1912
7036291 2669
7038960 9125
7048085 3586
7051671 6193
7057864 3404
7061268 2991
7064259 7917
7072176 1769
7073945 2236
7076181 1682
7077863 998
7078861 1714
7080575 1816
7082391 7422
7089813 3178
7092991 1710
7094701 1446
7096147 7723
7103870 2027
7105897 2149
7108046 1819
7109865 1721
7111586 2112
7113698 1192
7114890 791
7115681 3259
7118940 796
7119736 6246
7125982 6388
7132370 5766
7138136 10777
7148913 1613
7150526 4341
7154867 3077
7157944 6127
7164071 6108
7170179 6501
7176680 3304
7179984 6739
7186723 9063
7195786 1454
7197240 2939
7200179 1804
7201983 3380
7205363 6042
7211405 6822
7218227 6332
7224559 6454
7231013 9729
7240742 9770
7250512 1210
7251722 743
7252465 3826
7256291 698
7256989 5556
7262545 1421
7263966 2810
7266776 2347
7269123 5557
7274680 12247
7286927 2626
7289553 26115
7315668 3740
7319408 4065
7323473 12460
7335933 4431
7340364 3921
7344285 14681
7358966 12303
7371269 3705
7374974 1666
7376640 9132
7385772 1833
7387605 742
7388347 3261
7391608 2886
7394494 5849
7400343 9648
7409991 4073
7414064 1164
7415228 1815
7417043 5530
7422573 4627
7427200 4573
7431773 4424
7436197 1888
7438085 4400
7442485 3705
7446190 6194
7452384 4221
7456605 1135
7457740 764
7458504 8874
7467378 3984
7471362 7037
7478399 1542
7479941 2508
7482449 1117
7483566 1055
7484621 1046
7485667 5357
7491024 11029
7502053 777
7502830 696
7503526 4048
7507574 10120
7517694 882
7518576 657
7519233 1018
7520251 756
7521007 1783
7522790 12329
7535119 4357
7539476 11222
7550698 3641
7554339 1331
7555670 5553
7561223 1276
7562499 1992
7564491 2700
7567191 2456
7569647 1252
7570899 6856
7577755 3205
7580960 2632
7583592 5280
7588872 1953
7590825 2608
7593433 4813
7598246 4766
7603012 4525
7607537 3126
7610663 7733
7618396 5851
7624247 3567
7627814 3382
7631196 2404
7633600 3533
7637133 2213
7639346 2078
7641424 9227
7650651 5448
7656099 7564
7663663 5480
7669143 4898
7674041 8306
7682347 11991
7694338 6371
7700709 1472
7702181 1897
7704078 1015
7705093 5339
7710432 2992
7713424 710
7714134 4230
7718364 855
7719219 3188
7722407 773
7723180 960
7724140 4268
7728408 1315
7729723 1847
7731570 1188
7732758 1676
7734434 918
7735352 2538
7737890 4424
7742314 4722
7747036 1150
7748186 2282
7750468 996
7751464 2012
7753476 933
7754409 1233
7755642 1523
7757165 594
7757759 4005
7761764 1488
7763252 4851
7768103 2522
7770625 2106
7772731 2528
7775259 2279
7777538 3524
7781062 1712
7782774 1162
7783936 2646
7786582 2065
7788647 1935
7790582 4330
7794912 14636
7809548 2162
7811710 6625
7818335 13768
7832103 9099
7841202 3743
7844945 4644
7849589 3677
7853266 5709
7858975 1728
7860703 4024
7864727 1929
7866656 9801
7876457 6524
7882981 2490
7885471 4566
7890037 7588
7897625 2123
7899748 3742
7903490 4350
7907840 1123
7908963 2251
7911214 6743
7917957 8249
7926206 3745
7929951 5050
7935001 3530
7938531 1918
7940449 1021
7941470 1440
7942910 1199
7944109 2128
7946237 1328
7947565 1767
7949332 1837
7951169 2211
7953380 1833
7955213 7696
7962909 18384
7981293 3908
7985201 4440
7989641 3375
7993016 3578
7996594 10542
8007136 4094
8011230 1248
8012478 923
8013401 1535
8014936 996
8015932 2004
8017936 4493
8022429 1661
8024090 6273
8030363 7729
8038092 2024
8040116 4034
8044150 2704
8046854 4802
8051656 8879
8060535 5008
8065543 8006
8073549 4816
8078365 10070
8088435 2243
8090678 1648
8092326 2132
8094458 1907
8096365 2468
8098833 2926
8101759 2614
8104373 13333
8117706 2521
8120227 2292
8122519 3118
8125637 10192
8135829 4752
8140581 7032
8147613 3692
8151305 3459
8154764 2879
8157643 5910
8163553 3116
8166669 5891
8172560 4805
8177365 13767
8191132 3863
8194995 3002
8197997 1656
8199653 8141
8207794 5724
8213518 12535
8226053 3848
8229901 2237
8232138 5500
8237638 7960
8245598 10175
8255773 3635
8259408 3421
8262829 2217
8265046 3816
8268862 2063
8270925 1516
8272441 7411
8279852 1053
8280905 977
8281882 1710
8283592 3311
8286903 1858
8288761 4094
8292855 2203
8295058 4060
8299118 1430
8300548 4953
8305501 2635
8308136 1786
8309922 2009
8311931 1518
8313449 3766
8317215 4279
8321494 14636
8336130 2652
8338782 2755
8341537 3601
8345138 4203
8349341 3705
8353046 3824
8356870 3099
8359969 1719
8361688 4334
8366022 4027
8370049 4189
8374238 3573
8377811 3673
8381484 3835
8385319 4034
8389353 3501
8392854 3793
8396647 3120
8399767 3162
8402929 4091
8407020 3297
8410317 3437
8413754 3483
8417237 3545
8420782 4703
8425485 1540
8427025 3443
8430468 5095
8435563 3319
8438882 3760
8442642 3510
8446152 2766
8448918 3268
8452186 3676
8455862 3225
8459087 3580
8462667 18969
8481636 4546
8486182 3811
8489993 3651
8493644 4359
8498003 1268
8499271 962
8500233 2990
8503223 4101
8507324 3579
8510903 3558
8514461 2642
8517103 1139
8518242 4252
8522494 19844
8542338 3359
8545697 4845
8550542 3345
8553887 3677
8557564 2844
8560408 2733
8563141 1277
8564418 1133
8565551 888
8566439 1008
8567447 1023
8568470 2387
8570857 1771
8572628 1180
8573808 930
8574738 1161
8575899 1385
8577284 1026
8578310 1977
8580287 2653
8582940 1303
8584243 2770
8587013 2846
8589859 3027
8592886 1090
8593976 3655
8597631 2573
8600204 4324
8604528 3360
8607888 5911
8613799 3329
8617128 950
8618078 2357
8620435 4657
8625092 2342
8627434 824
8628258 5835
8634093 1264
8635357 6045
8641402 904
8642306 1648
8643954 903
8644857 3304
8648161 6447
8654608 856
8655464 3450
8658914 4067
8662981 1277
8664258 1111
8665369 1832
8667201 1565
8668766 2527
8671293 2526
8673819 1778
8675597 1409
8677006 2940
8679946 2467
8682413 1598
8684011 1891
8685902 1111
8687013 981
8687994 3394
8691388 1988
8693376 2254
8695630 1984
8697614 3154
8700768 1824
8702592 3227
8705819 1135
8706954 2598
8709552 1087
8710639 2310
8712949 1892
8714841 1454
8716295 754
8717049 1707
8718756 2568
8721324 1596
8722920 2316
8725236 2419
8727655 2279
8729934 1097
8731031 2550
8733581 1456
8735037 4216
8739253 2139
8741392 1820
8743212 4243
8747455 567
8748022 860
8748882 2594
8751476 4269
8755745 3588
8759333 934
8760267 3544
8763811 1251
8765062 2425
8767487 2684
8770171 8107
8778278 11571
8789849 2069
8791918 3629
8795547 5191
8800738 5356
8806094 5184
8811278 6362
8817640 1055
8818695 7220
8825915 2965
8828880 4241
8833121 6446
8839567 2907
8842474 1616
8844090 2943
8847033 3423
8850456 1794
8852250 5576
8857826 9094
8866920 2315
8869235 8442
8877677 6820
8884497 6482
8890979 3711
8894690 3404
8898094 2910
8901004 3436
8904440 492
8904932 2190
8907122 3948
8911070 2932
8914002 3601
8917603 2718
8920321 6583
8926904 9444
8936348 8461
8944809 10548
8955357 9715
8965072 10297
8975369 7979
8983348 5495
8988843 6265
8995108 3572
8998680 4011
9002691 1579
9004270 1684
9005954 3173
9009127 3535
9012662 5958
9018620 4615
9023235 3505
9026740 11625
9038365 5173
9043538 4827
9048365 1092
9049457 4188
9053645 3679
9057324 3464
9060788 4579
9065367 8007
9073374 2267
9075641 5559
9081200 4399
9085599 6553
9092152 4811
9096963 2189
9099152 2165
9101317 1515
9102832 3335
9106167 4617
9110784 4156
9114940 6257
9121197 8599
9129796 1875
9131671 5802
9137473 7296
9144769 1307
9146076 3442
9149518 4129
9153647 1648
9155295 7316
9162611 2776
9165387 10161
9175548 4314
9179862 5826
9185688 836
9186524 3778
9190302 1997
9192299 502
9192801 3193
9195994 2141
9198135 10224
9208359 1157
9209516 1373
9210889 5212
9216101 6685
9222786 7856
9230642 1448
9232090 1802
9233892 2276
9236168 3444
9239612 1988
9241600 2132
9243732 6079
9249811 2106
9251917 1487
9253404 1137
9254541 3208
9257749 6345
9264094 2014
9266108 2422
9268530 2639
9271169 2643
9273812 3633
9277445 1443
9278888 8526
9287414 3940
9291354 10476
9301830 7233
9309063 3390
9312453 6526
9318979 4403
9323382 4692
9328074 3024
9331098 1351
9332449 3104
9335553 1987
9337540 1700
9339240 1746
9340986 3384
9344370 2095
9346465 2160
9348625 1014
9349639 1924
9351563 3988
9355551 2229
9357780 5429
9363209 1775
9364984 1927
9366911 2575
9369486 2217
9371703 1824
9373527 2414
9375941 4985
9380926 1659
9382585 13706
9396291 1007
9397298 14536
9411834 1885
9413719 1636
9415355 1126
9416481 1548
9418029 1795
9419824 6109
9425933 3019
9428952 3109
9432061 2417
9434478 1985
9436463 2881
9439344 5434
9444778 15423
9460201 7270
9467471 3386
9470857 3265
9474122 2571
9476693 2991
9479684 1373
9481057 2328
9483385 5304
9488689 1642
9490331 1327
9491658 2021
9493679 2095
9495774 2634
9498408 1526
9499934 1520
9501454 1425
9502879 2521
9505400 2002
9507402 3167
9510569 2484
9513053 7820
9520873 2697
9523570 2048
9525618 6251
9531869 4279
9536148 4399
9540547 3868
9544415 6921
9551336 3638
9554974 3318
9558292 4658
9562950 5300
9568250 4477
9572727 3453
9576180 4155
9580335 1173
9581508 7981
9589489 4605
9594094 4423
9598517 4408
9602925 4120
9607045 5598
9612643 7832
9620475 2380
9622855 2161
9625016 2984
9628000 2978
9630978 4648
9635626 5463
9641089 3202
9644291 4122
9648413 5494
9653907 4716
9658623 5152
9663775 2524
9666299 2762
9669061 3002
9672063 8296
9680359 1262
9681621 804
9682425 4182
9686607 3378
9689985 1578
9691563 9983
9701546 3102
9704648 8789
9713437 3997
9717434 5279
9722713 4966
9727679 8618
9736297 4831
9741128 3954
9745082 555
9745637 4720
9750357 4428
9754785 3848
9758633 5859
9764492 7251
9771743 6503
9778246 2607
9780853 3394
9784247 1001
9785248 22945
9808193 18615
9826808 2617
9829425 8511
9837936 1680
9839616 2428
9842044 7170
9849214 3373
9852587 11048
9863635 2909
9866544 3545
9870089 3256
9873345 4870
9878215 7299
9885514 6937
9892451 6226
9898677 1108
9899785 2819
9902604 3480
9906084 1080
9907164 2471
9909635 1587
9911222 6378
9917600 13659
9931259 2131
9933390 12987
9946377 6504
9952881 2912
9955793 5066
9960859 1997
9962856 9079
9971935 6598
9978533 2514
9981047 6480
9987527 6390
9993917 3618
9997535 6895
10004430 10217
10014647 2213
10016860 3710
10020570 2371
10022941 3743
10026684 2982
10029666 3809
10033475 1657
10035132 10174
10045306 2179
10047485 5022
10052507 2455
10054962 1549
10056511 7993
10064504 6830
10071334 4488
10075822 9653
10085475 6448
10091923 5773
10097696 2913
10100609 5718
10106327 10486
10116813 4351
10121164 6201
10127365 4675
10132040 2312
10134352 3467
10137819 8942
10146761 1843
10148604 5778
10154382 4085
10158467 4090
10162557 2648
10165205 404
10165609 1893
10167502 7440
10174942 4486
10179428 2466
10181894 1780
10183674 3124
10186798 3563
10190361 2829
10193190 5276
10198466 1213
10199679 1199
10200878 3151
10204029 7658
10211687 7691
10219378 1226
10220604 6073
10226677 1729
10228406 2366
10230772 4875
10235647 1760
10237407 3394
10240801 1964
10242765 1208
10243973 2678
10246651 707
10247358 2837
10250195 5247
10255442 1693
10257135 2871
10260006 4199
10264205 1288
10265493 1148
10266641 1655
10268296 1219
10269515 1699
10271214 861
10272075 902
10272977 3864
10276841 867
10277708 3151
10280859 7882
10288741 2584
10291325 1543
10292868 3198
10296066 1195
10297261 2736
10299997 2388
10302385 1383
10303768 1066
10304834 3109
10307943 1501
10309444 8390
10317834 1500
10319334 2093
10321427 993
10322420 1703
10324123 1662
10325785 951
10326736 2464
10329200 9683
10338883 3996
10342879 1132
10344011 6910
10350921 6242
10357163 9240
10366403 11733
10378136 2109
10380245 6538
10386783 5853
10392636 6014
10398650 1259
10399909 10018
10409927 5540
10415467 3073
10418540 2026
10420566 2353
10422919 1856
10424775 1450
10426225 1530
10427755 1595
10429350 1669
10431019 3491
10434510 2581
10437091 15309
10452400 6186
10458586 2586
10461172 2791
10463963 1414
10465377 5007
10470384 1432
10471816 1728
10473544 1866
10475410 2906
10478316 8199
10486515 7550
10494065 3521
10497586 9781
10507367 1675
10509042 1055
10510097 15123
10525220 7821
10533041 2889
10535930 2765
10538695 1243
10539938 11893
10551831 5387
10557218 5930
10563148 1796
10564944 22701
10587645 1537
10589182 6651
10595833 1624
10597457 3112
10600569 1213
10601782 618
10602400 1604
10604004 1675
10605679 1601
10607280 8855
10616135 4470
10620605 2961
10623566 644
10624210 7726
10631936 4084
10636020 12591
10648611 4965
10653576 2564
10656140 6350
10662490 2661
10665151 2390
10667541 3897
10671438 2859
10674297 13602
10687899 7973
10695872 1950
10697822 2821
10700643 1972
10702615 1890
10704505 3512
10708017 2257
10710274 3099
10713373 2032
10715405 1870
10717275 2232
10719507 2978
10722485 2898
10725383 1971
10727354 2645
10729999 3362
10733361 2209
10735570 1952
10737522 1815
10739337 2127
10741464 4543
10746007 3939
10749946 3841
10753787 3048
10756835 2493
10759328 2608
10761936 2373
10764309 2414
10766723 5906
10772629 9995
10782624 2849
10785473 1001
10786474 4465
10790939 3240
10794179 2713
10796892 2420
10799312 2639
10801951 3610
10805561 4395
10809956 2652
10812608 5033
10817641 2791
10820432 8269
10828701 2794
10831495 6329
10837824 2488
10840312 1261
10841573 17882
10859455 9915
10869370 3002
10872372 3285
10875657 5929
10881586 3524
10885110 1983
10887093 3121
10890214 4536
10894750 4417
10899167 3761
10902928 3033
10905961 24617
10930578 11374
10941952 16366
10958318 30769
10989087 3827
10992914 7431
11000345 1324
11001669 1102
11002771 9104
11011875 11293
11023168 9278
11032446 16033
11048479 8780
11057259 8472
11065731 7407
11073138 11318
11084456 19531
11103987 13581
11117568 5509
11123077 517
11123594 857
11124451 3221
11127672 7367
11135039 564
11135603 1562
11137165 3484
11140649 2128
11142777 9194
11151971 8048
11160019 4716
11164735 2714
11167449 4108
11171557 5105
11176662 7177
11183839 3432
11187271 2859
11190130 704
11190834 1077
11191911 1665
11193576 6703
11200279 1373
11201652 11476
11213128 6373
11219501 4464
11223965 25831
11249796 3775
11253571 5168
11258739 8431
11267170 9798
11276968 4658
11281626 6398
11288024 9624
11297648 12872
11310520 4717
11315237 10985
11326222 6299
11332521 5136
11337657 1782
11339439 3841
11343280 4792
11348072 3735
11351807 10743
11362550 9941
11372491 6875
11379366 6136
11385502 5832
11391334 3934
11395268 3530
11398798 3869
11402667 3359
11406026 12303
11418329 12870
11431199 4256
11435455 2888
11438343 5599
11443942 15945
11459887 4320
11464207 744
11464951 1229
11466180 4437
11470617 4411
11475028 2116
11477144 13065
11490209 8861
11499070 7774
11506844 10725
11517569 7032
11524601 8975
11533576 2369
11535945 8191
11544136 8323
11552459 3924
11556383 5784
11562167 2574
11564741 13771
11578512 556
11579068 1560
11580628 3115
11583743 695
11584438 686
11585124 709
11585833 729
11586562 718
11587280 664
11587944 659
11588603 682
11589285 745
11590030 713
11590743 691
11591434 729
11592163 688
11592851 707
11593558 689
11594247 727
11594974 724
11595698 725
11596423 702
11597125 734
11597859 690
11598549 728
11599277 684
11599961 714
11600675 694
11601369 659
11602028 697
11602725 690
11603415 710
11604125 692
11604817 729
11605546 664
11606210 683
11606893 715
11607608 697
11608305 689
11608994 692
11609686 710
11610396 729
11611125 683
11611808 713
11612521 678
11613199 741
11613940 670
11614610 699
11615309 682
11615991 693
11616684 677
11617361 731
11618092 685
11618777 714
11619491 682
11620173 685
11620858 690
11621548 688
11622236 710
11622946 723
11623669 690
11624359 666
11625025 692
11625717 709
11626426 688
11627114 739
11627853 693
11628546 654
11629200 712
11629912 690
11630602 725
11631327 694
11632021 689
11632710 740
11633450 664
11634114 673
11634787 712
11635499 693
11636192 692
11636884 700
11637584 691
11638275 721
11638996 736
11639732 740
11640472 688
11641160 685
11641845 678
11642523 721
11643244 724
11643968 687
11644655 712
11645367 704
11646071 716
11646787 700
11647487 680
11648167 713
11648880 732
11649612 690
11650302 683
11650985 678
11651663 677
11652340 680
11653020 677
11653697 695
11654392 675
11655067 684
11655751 720
11656471 680
11657151 690
11657841 711
11658552 674
11659226 713
11659939 670
11660609 686
11661295 698
11661993 683
11662676 696
11663372 720
11664092 680
11664772 673
11665445 713
11666158 683
11666841 698
11667539 675
11668214 720
11668934 684
11669618 701
11670319 686
11671005 696
11671701 734
11672435 740
11673175 682
11673857 754
11674611 711
11675322 680
11676002 685
11676687 674
11677361 705
11678066 664
11678730 693
11679423 673
11680096 678
11680774 719
11681493 682
11682175 712
11682887 678
11683565 684
11684249 706
11684955 684
11685639 685
11686324 716
11687040 678
11687718 670
11688388 722
11689110 689
11689799 682
11690481 707
11691188 675
11691863 713
11692576 684
11693260 731
11693991 730
11694721 739
11695460 742
11696202 712
11696914 729
11697643 699
11698342 664
11699006 685
11699691 686
11700377 714
11701091 699
11701790 689
11702479 712
11703191 725
11703916 761
11704677 760
11705437 676
11706113 683
11706796 703
11707499 651
11708150 661
11708811 700
11709511 675
11710186 698
11710884 716
11711600 705
11712305 688
11712993 712
11713705 689
11714394 703
11715097 712
11715809 677
11716486 742
11717228 708
11717936 664
11718600 689
11719289 678
11719967 676
11720643 651
11721294 668
11721962 677
11722639 721
11723360 685
11724045 710
11724755 693
11725448 679
11726127 743
11726870 721
11727591 714
11728305 720
11729025 685
11729710 687
11730397 679
11731076 673
11731749 687
11732436 685
11733121 713
11733834 682
11734516 705
11735221 723
11735944 720
11736664 698
11737362 690
11738052 700
11738752 685
11739437 713
11740150 687
11740837 695
11741532 676
11742208 660
11742868 676
11743544 684
11744228 720
11744948 712
11745660 686
11746346 689
11747035 690
11747725 717
11748442 684
11749126 709
11749835 685
11750520 722
11751242 711
11751953 666
11752619 671
11753290 663
11753953 690
11754643 673
11755316 674
11755990 680
11756670 669
11757339 689
11758028 654
11758682 667
11759349 678
11760027 704
11760731 708
11761439 691
11762130 670
11762800 685
11763485 663
11764148 667
11764815 717
11765532 684
11766216 699
11766915 677
11767592 713
11768305 685
11768990 673
11769663 695
11770358 668
11771026 666
11771692 717
11772409 694
11773103 667
11773770 665
11774435 657
11775092 699
11775791 736
11776527 695
11777222 663
11777885 670
11778555 665
11779220 675
11779895 653
11780548 660
11781208 684
11781892 651
11782543 680
11783223 4353
11787576 5497
11793073 3053
11796126 2785
11798911 3778
11802689 2160
11804849 4044
11808893 13175
11822068 2551
11824619 1955
11826574 3659
11830233 3902
11834135 3912
11838047 1933
11839980 5475
11845455 6913
11852368 2545
11854913 4619
11859532 1540
11861072 2521
11863593 2710
11866303 851
11867154 5398
11872552 875
11873427 3614
11877041 5963
11883004 1275
11884279 1422
11885701 2424
11888125 2240
11890365 4098
11894463 2975
11897438 1177
11898615 1821
11900436 2040
11902476 3164
11905640 7181
11912821 8650
11921471 4004
11925475 4035
11929510 4665
11934175 3941
11938116 4254
11942370 2746
11945116 1754
11946870 4078
11950948 3914
11954862 2928
11957790 1328
11959118 3204
11962322 7729
11970051 19112
11989163 2235
11991398 3823
11995221 1685
11996906 4291
12001197 8892
12010089 3182
12013271 8749
12022020 5806
12027826 2205
12030031 1252
12031283 3902
12035185 1703
12036888 3478
12040366 2844
12043210 6331
12049541 1845
12051386 6793
12058179 3712
12061891 10473
12072364 7019
12079383 4601
12083984 3563
12087547 6491
12094038 9677
12103715 1631
12105346 2816
12108162 4598
12112760 8752
12121512 1624
12123136 4854
12127990 1647
12129637 2844
12132481 971
12133452 1148
12134600 15601
12150201 6456
12156657 13987
12170644 760
12171404 2075
12173479 2632
12176111 2808
12178919 1801
12180720 20087
12200807 9062
12209869 3595
12213464 3577
12217041 3418
12220459 2126
12222585 3385
12225970 453
12226423 2570
12228993 2932
12231925 4131
12236056 952
12237008 3869
12240877 28659
12269536 4237
12273773 7424
12281197 9354
12290551 30335
12320886 19706
12340592 973
12341565 639
12342204 2347
12344551 1637
12346188 4988
12351176 3338
12354514 4071
12358585 2523
12361108 4614
12365722 1167
12366889 2026
12368915 2323
12371238 876
12372114 3565
12375679 954
12376633 2608
12379241 3146
12382387 353
12382740 7237
12389977 19054
12409031 5725
12414756 1325
12416081 2202
12418283 2370
12420653 2631
12423284 9022
12432306 3670
12435976 2168
12438144 2381
12440525 22118
12462643 875
12463518 1174
12464692 3867
12468559 1158
12469717 3561
12473278 3273
12476551 1600
12478151 1369
12479520 2039
12481559 1336
12482895 3918
12486813 575
12487388 6493
12493881 2597
12496478 3695
12500173 843
12501016 1294
12502310 2440
12504750 712
12505462 811
12506273 5040
