0 814
814 1128
1942 2971
4913 4443
9356 9711
19067 2223
21290 3198
24488 2133
26621 2314
28935 27075
56010 1928
57938 1808
59746 5408
65154 5498
70652 2535
73187 3446
76633 4810
81443 3761
85204 3414
88618 15522
104140 4178
108318 3631
111949 10191
122140 1716
123856 1537
125393 5902
131295 10994
142289 5288
147577 3890
151467 2233
153700 1344
155044 702
155746 1568
157314 4687
162001 2773
164774 1989
166763 8829
175592 6309
181901 5229
187130 2010
189140 6512
195652 3006
198658 2976
201634 7548
209182 1734
210916 2154
213070 2629
215699 1736
217435 1638
219073 10955
230028 7652
237680 3418
241098 3075
244173 1937
246110 5612
251722 8223
259945 3245
263190 615
263805 3694
267499 5161
272660 6947
279607 959
280566 2401
282967 4406
287373 3590
290963 2943
293906 5664
299570 5126
304696 7392
312088 1162
313250 3977
317227 1385
318612 7385
325997 3331
329328 4420
333748 4914
338662 2383
341045 6117
347162 2317
349479 1746
351225 15350
366575 9335
375910 5431
381341 1409
382750 5734
388484 1431
389915 6602
396517 4671
401188 4647
405835 9806
415641 1769
417410 3515
420925 15744
436669 9635
446304 3947
450251 7934
458185 13817
472002 3835
475837 14129
489966 5437
495403 5162
500565 7855
508420 5349
513769 11038
524807 1863
526670 7298
533968 3719
537687 7957
545644 509
546153 5244
551397 2525
553922 3112
557034 3910
560944 780
561724 902
562626 5703
568329 1515
569844 2169
572013 2649
574662 3697
578359 3301
581660 2117
583777 4857
588634 10173
598807 618
599425 3195
602620 3484
606104 5345
611449 3794
615243 6279
621522 9887
631409 2106
633515 1662
635177 3154
638331 5611
643942 3699
647641 2013
649654 4425
654079 1395
655474 9484
664958 4607
669565 2612
672177 3606
675783 1834
677617 1514
679131 1536
680667 4747
685414 2922
688336 8590
696926 7806
704732 5337
710069 3072
713141 7155
720296 1225
721521 2832
724353 2619
726972 1979
728951 2348
731299 555
731854 5912
737766 548
738314 2104
740418 6656
747074 5911
752985 2549
755534 3103
758637 8970
767607 3645
771252 3922
775174 3069
778243 8985
787228 4069
791297 3422
794719 3667
798386 1496
799882 4511
804393 1051
805444 1805
807249 5625
812874 2124
814998 1825
816823 15883
832706 5962
838668 2283
840951 2647
843598 5432
849030 3951
852981 13800
866781 3855
870636 1878
872514 3668
876182 6623
882805 2990
885795 594
886389 4719
891108 4585
895693 2739
898432 4772
903204 2187
905391 769
906160 3368
909528 3719
913247 6385
919632 1516
921148 2713
923861 2122
925983 3137
929120 1631
930751 8543
939294 3532
942826 3419
946245 1394
947639 7944
955583 8228
963811 8665
972476 5714
978190 7447
985637 7110
992747 5519
998266 1823
1000089 6452
1006541 9064
1015605 3892
1019497 4621
1024118 2755
1026873 2425
1029298 3889
1033187 4837
1038024 4290
1042314 3275
1045589 7080
1052669 8603
1061272 8516
1069788 2824
1072612 673
1073285 4217
1077502 8163
1085665 8364
1094029 5435
1099464 2440
1101904 7625
1109529 6669
1116198 3489
1119687 2926
1122613 1086
1123699 3080
1126779 10627
1137406 7590
1144996 7643
1152639 1067
1153706 2995
1156701 1820
1158521 8054
1166575 6968
1173543 4088
1177631 1058
1178689 9606
1188295 9657
1197952 2732
1200684 3820
1204504 5717
1210221 14809
1225030 3071
1228101 4482
1232583 7918
1240501 6525
1247026 2533
1249559 3892
1253451 3827
1257278 1885
1259163 3412
1262575 5104
1267679 2266
1269945 1132
1271077 1389
1272466 4021
1276487 1016
1277503 3512
1281015 3326
1284341 3701
1288042 3302
1291344 2490
1293834 1012
1294846 1287
1296133 8092
1304225 7038
1311263 4509
1315772 7323
1323095 1021
1324116 3355
1327471 9096
1336567 2173
1338740 6321
1345061 6312
1351373 1168
1352541 856
1353397 6826
1360223 3607
1363830 2706
1366536 1049
1367585 3785
1371370 1680
1373050 2730
1375780 2711
1378491 543
1379034 4179
1383213 6101
1389314 1767
1391081 3622
1394703 2484
1397187 6052
1403239 5809
1409048 7795
1416843 4968
1421811 936
1422747 1302
1424049 2062
1426111 4094
1430205 3523
1433728 635
1434363 4088
1438451 2939
1441390 2882
1444272 3534
1447806 5641
1453447 4676
1458123 5123
1463246 2736
1465982 9197
1475179 9435
1484614 5577
1490191 2052
1492243 7384
1499627 2023
1501650 3517
1505167 3763
1508930 2637
1511567 8395
1519962 1337
1521299 1913
1523212 3117
1526329 4589
1530918 2054
1532972 1230
1534202 1250
1535452 5318
1540770 2812
1543582 4045
1547627 1167
1548794 2053
1550847 2175
1553022 1368
1554390 2923
1557313 1615
1558928 7350
1566278 5327
1571605 768
1572373 563
1572936 892
1573828 703
1574531 564
1575095 602
1575697 1372
1577069 3555
1580624 3770
1584394 543
1584937 2116
1587053 1369
1588422 3427
1591849 6281
1598130 3299
1601429 5355
1606784 3041
1609825 3842
1613667 3321
1616988 3070
1620058 2132
1622190 1966
1624156 3229
1627385 3808
1631193 242
1631435 1973
1633408 2203
1635611 3840
1639451 3831
1643282 3653
1646935 11183
1658118 10106
1668224 2082
1670306 3855
1674161 3479
1677640 4249
1681889 1548
1683437 1489
1684926 2384
1687310 1981
1689291 3133
1692424 2792
1695216 1950
1697166 2419
1699585 5698
1705283 2582
1707865 8612
1716477 7435
1723912 2449
1726361 1493
1727854 1673
1729527 2706
1732233 2614
1734847 2285
1737132 3096
1740228 2102
1742330 3020
1745350 6988
1752338 6394
1758732 6926
1765658 6805
1772463 3977
1776440 8158
1784598 7819
1792417 3149
1795566 1832
1797398 3016
1800414 1648
1802062 3058
1805120 3469
1808589 1893
1810482 1560
1812042 4804
1816846 1777
1818623 1551
1820174 2497
1822671 3648
1826319 2096
1828415 1491
1829906 2844
1832750 7850
1840600 3365
1843965 3658
1847623 8907
1856530 3766
1860296 2857
1863153 2234
1865387 3600
1868987 3527
1872514 2103
1874617 1632
1876249 1826
1878075 6392
1884467 3231
1887698 2267
1889965 1892
1891857 3454
1895311 5536
1900847 2037
1902884 4182
1907066 2746
1909812 3789
1913601 1778
1915379 1569
1916948 1578
1918526 1650
1920176 3680
1923856 2765
1926621 3992
1930613 2411
1933024 2425
1935449 2619
1938068 2402
1940470 2564
1943034 23283
1966317 3244
1969561 3646
1973207 6348
1979555 3117
1982672 3325
1985997 3438
1989435 5265
1994700 1640
1996340 2617
1998957 3447
2002404 2478
2004882 1106
2005988 2389
2008377 5109
2013486 4253
2017739 3044
2020783 3803
2024586 2665
2027251 5446
2032697 2553
2035250 3815
2039065 1125
2040190 5340
2045530 1468
2046998 1240
2048238 2070
2050308 7469
2057777 3355
2061132 2563
2063695 5026
2068721 6571
2075292 4748
2080040 4266
2084306 3634
2087940 3081
2091021 4132
2095153 8676
2103829 4067
2107896 7563
2115459 38599
2154058 5471
2159529 17903
2177432 5322
2182754 2800
2185554 10572
2196126 3814
2199940 4759
2204699 5439
2210138 4857
2214995 5277
2220272 6757
2227029 6516
2233545 4710
2238255 4181
2242436 8984
2251420 8436
2259856 5514
2265370 4303
2269673 7475
2277148 7936
2285084 5679
2290763 5389
2296152 4496
2300648 4991
2305639 4349
2309988 4401
2314389 5377
2319766 1288
2321054 4040
2325094 19903
2344997 3740
2348737 6364
2355101 4709
2359810 2845
2362655 3512
2366167 3945
2370112 3499
2373611 4308
2377919 11947
2389866 4275
2394141 8250
2402391 7894
2410285 8034
2418319 7341
2425660 1660
2427320 5283
2432603 16480
2449083 4639
2453722 9480
2463202 5340
2468542 4228
2472770 4817
2477587 4062
2481649 10540
2492189 5586
2497775 4144
2501919 3194
2505113 3777
2508890 3952
2512842 3344
2516186 3449
2519635 18462
2538097 4839
2542936 5395
2548331 3430
2551761 11506
2563267 7908
2571175 19570
2590745 5486
2596231 1261
2597492 2158
2599650 2902
2602552 3697
2606249 19385
2625634 19808
2645442 4383
2649825 4329
2654154 3553
2657707 12596
2670303 6816
2677119 25818
2702937 11259
2714196 7126
2721322 1582
2722904 5979
2728883 6383
2735266 23622
2758888 1598
2760486 2841
2763327 2709
2766036 2777
2768813 1949
2770762 2468
2773230 7194
2780424 1586
2782010 1177
2783187 1177
2784364 1169
2785533 1177
2786710 1177
2787887 1177
2789064 1177
2790241 1177
2791418 1177
2792595 820
2793415 1152
2794567 8112
2802679 5578
2808257 1352
2809609 2036
2811645 4787
2816432 6817
2823249 8218
2831467 3948
2835415 5522
2840937 1276
2842213 8888
2851101 6048
2857149 2092
2859241 4487
2863728 1974
2865702 9336
2875038 2432
2877470 1300
2878770 2953
2881723 2187
2883910 3044
2886954 970
2887924 3800
2891724 2626
2894350 1544
2895894 3439
2899333 1686
2901019 6404
2907423 2498
2909921 2185
2912106 5104
2917210 8600
2925810 5222
2931032 1120
2932152 1332
2933484 1495
2934979 2498
2937477 2394
2939871 1852
2941723 3535
2945258 2452
2947710 3959
2951669 3787
2955456 469
2955925 13419
2969344 9636
2978980 2494
2981474 2116
2983590 2464
2986054 2688
2988742 6415
2995157 8030
3003187 5262
3008449 5980
3014429 4592
3019021 2528
3021549 2516
3024065 7447
3031512 8544
3040056 5438
3045494 676
3046170 2827
3048997 3278
3052275 1167
3053442 1810
3055252 1953
3057205 669
3057874 510
3058384 633
3059017 2605
3061622 2547
3064169 1950
3066119 5802
3071921 2065
3073986 3853
3077839 8166
3086005 4220
3090225 2416
3092641 1606
3094247 3041
3097288 1808
3099096 8339
3107435 1728
3109163 2169
3111332 1031
3112363 5468
3117831 2000
3119831 1530
3121361 1885
3123246 1199
3124445 1206
3125651 6987
3132638 3785
3136423 1051
3137474 2501
3139975 2260
3142235 3251
3145486 2616
3148102 30071
3178173 1125
3179298 1775
3181073 5138
3186211 1279
3187490 1679
3189169 1760
3190929 2439
3193368 1707
3195075 1611
3196686 2668
3199354 3251
3202605 4693
3207298 1813
3209111 984
3210095 1523
3211618 2083
3213701 1557
3215258 1829
3217087 1317
3218404 1936
3220340 1652
3221992 889
3222881 2747
3225628 1904
3227532 6184
3233716 2758
3236474 1433
3237907 1235
3239142 2717
3241859 1486
3243345 2346
3245691 1497
3247188 1369
3248557 2221
3250778 1550
3252328 1745
3254073 5249
3259322 2617
3261939 5639
3267578 1705
3269283 1327
3270610 3000
3273610 1632
3275242 2820
3278062 1324
3279386 891
3280277 1638
3281915 4026
3285941 3267
3289208 3016
3292224 3388
3295612 2743
3298355 1438
3299793 1401
3301194 915
3302109 2196
3304305 1658
3305963 1121
3307084 3355
3310439 3232
3313671 3809
3317480 1785
3319265 4903
3324168 3895
3328063 1798
3329861 1816
3331677 1000
3332677 1301
3333978 1016
3334994 1193
3336187 5117
3341304 2312
3343616 1886
3345502 1160
3346662 1323
3347985 1269
3349254 4214
3353468 1537
3355005 2720
3357725 2172
3359897 1130
3361027 1865
3362892 5030
3367922 2369
3370291 3167
3373458 5200
3378658 5591
3384249 4725
3388974 5562
3394536 1904
3396440 3908
3400348 6106
3406454 2489
3408943 4461
3413404 998
3414402 815
3415217 4199
3419416 2696
3422112 2985
3425097 1279
3426376 1972
3428348 2345
3430693 2763
3433456 2331
3435787 1318
3437105 4726
3441831 4607
3446438 3604
3450042 3157
3453199 4131
3457330 4530
3461860 2800
3464660 3848
3468508 2335
3470843 1766
3472609 2324
3474933 20525
3495458 3337
3498795 4109
3502904 1944
3504848 8759
3513607 2703
3516310 5342
3521652 5374
3527026 3714
3530740 4195
3534935 5957
3540892 3054
3543946 5487
3549433 1763
3551196 2646
3553842 5057
3558899 4814
3563713 3337
3567050 5445
3572495 5516
3578011 4303
3582314 2563
3584877 4437
3589314 7425
3596739 4756
3601495 927
3602422 818
3603240 2259
3605499 1804
3607303 962
3608265 1864
3610129 12162
3622291 4460
3626751 1906
3628657 6913
3635570 10006
3645576 1141
3646717 9970
3656687 3405
3660092 1427
3661519 3541
3665060 5391
3670451 4691
3675142 5566
3680708 3481
3684189 1760
3685949 806
3686755 2604
3689359 3965
3693324 3553
3696877 5194
3702071 5281
3707352 1339
3708691 9398
3718089 3313
3721402 619
3722021 1572
3723593 3344
3726937 1906
3728843 3301
3732144 5137
3737281 2156
3739437 5856
3745293 2326
3747619 4241
3751860 4942
3756802 9687
3766489 2054
3768543 1888
3770431 2680
3773111 3222
3776333 9573
3785906 3497
3789403 8413
3797816 2172
3799988 1761
3801749 1100
3802849 1513
3804362 1090
3805452 1403
3806855 5395
3812250 5027
3817277 2186
3819463 1773
3821236 4051
3825287 2354
3827641 2291
3829932 7705
3837637 1350
3838987 1509
3840496 4314
3844810 1298
3846108 1266
3847374 1443
3848817 1720
3850537 5218
3855755 2557
3858312 1407
3859719 3216
3862935 10965
3873900 3863
3877763 9610
3887373 3819
3891192 1600
3892792 2147
3894939 7066
3902005 1898
3903903 7396
3911299 3420
3914719 1953
3916672 12921
3929593 5285
3934878 4710
3939588 1409
3940997 2507
3943504 2354
3945858 2186
3948044 3639
3951683 1413
3953096 11078
3964174 1202
3965376 704
3966080 4792
3970872 2073
3972945 1327
3974272 934
3975206 7445
3982651 3148
3985799 1927
3987726 2910
3990636 1003
3991639 1353
3992992 1388
3994380 560
3994940 4004
3998944 4653
4003597 4990
4008587 3277
4011864 2243
4014107 892
4014999 818
4015817 1277
4017094 5717
4022811 1623
4024434 800
4025234 1717
4026951 13011
4039962 586
4040548 1874
4042422 2504
4044926 2355
4047281 2720
4050001 1682
4051683 654
4052337 2193
4054530 2229
4056759 2233
4058992 2356
4061348 2168
4063516 514
4064030 2461
4066491 1266
4067757 3134
4070891 1592
4072483 739
4073222 1077
4074299 1063
4075362 1119
4076481 6724
4083205 2195
4085400 1966
4087366 6724
4094090 6241
4100331 3662
4103993 665
4104658 1871
4106529 3115
4109644 1292
4110936 2335
4113271 1147
4114418 3514
4117932 4146
4122078 4362
4126440 6322
4132762 3789
4136551 746
4137297 4311
4141608 4115
4145723 571
4146294 1033
4147327 1618
4148945 3689
4152634 3623
4156257 4838
4161095 2732
4163827 2113
4165940 3165
4169105 836
4169941 7216
4177157 981
4178138 3182
4181320 2419
4183739 2708
4186447 3440
4189887 2584
4192471 4105
4196576 2076
4198652 1896
4200548 4470
4205018 1457
4206475 4459
4210934 3916
4214850 5715
4220565 6699
4227264 4565
4231829 1835
4233664 1304
4234968 2883
4237851 6478
4244329 2573
4246902 3482
4250384 2747
4253131 2311
4255442 10534
4265976 798
4266774 9150
4275924 6848
4282772 2239
4285011 2555
4287566 2425
4289991 2404
4292395 1381
4293776 1170
4294946 2980
4297926 10206
4308132 1311
4309443 4003
4313446 1159
4314605 491
4315096 10830
4325926 1870
4327796 3398
4331194 3377
4334571 3617
4338188 9727
4347915 2219
4350134 1146
4351280 815
4352095 1089
4353184 1867
4355051 8556
4363607 3490
4367097 6380
4373477 4849
4378326 5645
4383971 1741
4385712 5395
4391107 1726
4392833 1745
4394578 6837
4401415 2819
4404234 1531
4405765 2101
4407866 2615
4410481 2612
4413093 3815
4416908 1983
4418891 1589
4420480 2588
4423068 2035
4425103 3780
4428883 970
4429853 1235
4431088 1954
4433042 1466
4434508 3839
4438347 5746
4444093 2268
4446361 2930
4449291 1532
4450823 5778
4456601 2686
4459287 1315
4460602 1293
4461895 1362
4463257 7983
4471240 1740
4472980 2858
4475838 1270
4477108 1458
4478566 5152
4483718 3069
4486787 1324
4488111 2816
4490927 1471
4492398 957
4493355 2803
4496158 1522
4497680 935
4498615 3028
4501643 1250
4502893 8807
4511700 2636
4514336 1652
4515988 2262
4518250 2018
4520268 6281
4526549 2106
4528655 1594
4530249 3175
4533424 4087
4537511 2711
4540222 2910
4543132 1064
4544196 1446
4545642 5533
4551175 1674
4552849 3646
4556495 2108
4558603 5836
4564439 6808
4571247 1248
4572495 1547
4574042 384
4574426 2226
4576652 1769
4578421 2973
4581394 1247
4582641 1987
4584628 949
4585577 1895
4587472 2994
4590466 6913
4597379 2688
4600067 1590
4601657 1795
4603452 1732
4605184 987
4606171 8986
4615157 5637
4620794 5695
4626489 5512
4632001 6769
4638770 2100
4640870 19483
4660353 7707
4668060 1846
4669906 1264
4671170 3062
4674232 1884
4676116 2719
4678835 4201
4683036 1439
4684475 621
4685096 6598
4691694 2442
4694136 1855
4695991 3373
4699364 1915
4701279 13785
4715064 568
4715632 1666
4717298 3057
4720355 2394
4722749 2858
4725607 18400
4744007 3790
4747797 2458
4750255 2083
4752338 2553
4754891 3479
4758370 2505
4760875 2560
4763435 20309
4783744 8440
4792184 4413
4796597 4517
4801114 4186
4805300 1576
4806876 4528
4811404 1406
4812810 1224
4814034 1522
4815556 7470
4823026 2222
4825248 18069
4843317 8922
4852239 5719
4857958 4067
4862025 3604
4865629 2096
4867725 16416
4884141 4503
4888644 1196
4889840 1970
4891810 1396
4893206 8219
4901425 5215
4906640 6887
4913527 1972
4915499 8248
4923747 7605
4931352 8549
4939901 5021
4944922 6788
4951710 15135
4966845 7585
4974430 5125
4979555 1413
4980968 1614
4982582 2196
4984778 1390
4986168 861
4987029 6415
4993444 2176
4995620 8341
5003961 4267
5008228 1920
5010148 5281
5015429 5513
5020942 9160
5030102 4736
5034838 9569
5044407 3816
5048223 1117
5049340 1469
5050809 1402
5052211 9123
5061334 340
5061674 1772
5063446 812
5064258 1499
5065757 12597
5078354 8077
5086431 4122
5090553 5044
5095597 4507
5100104 8984
5109088 2261
5111349 5408
5116757 2969
5119726 3154
5122880 1725
5124605 8135
5132740 3733
5136473 14215
5150688 3326
5154014 3920
5157934 4356
5162290 11636
5173926 973
5174899 8047
5182946 6309
5189255 825
5190080 5725
5195805 15743
5211548 959
5212507 6108
5218615 720
5219335 5304
5224639 8105
5232744 1484
5234228 4406
5238634 744
5239378 8956
5248334 1403
5249737 2030
5251767 3150
5254917 6353
5261270 1017
5262287 6674
5268961 971
5269932 1181
5271113 822
5271935 6346
5278281 2878
5281159 5112
5286271 9103
5295374 7388
5302762 1865
5304627 5524
5310151 3634
5313785 1543
5315328 675
5316003 3318
5319321 9204
5328525 2913
5331438 2251
5333689 5748
5339437 1334
5340771 4446
5345217 726
5345943 2587
5348530 1572
5350102 1169
5351271 2551
5353822 4395
5358217 2960
5361177 5465
5366642 5899
5372541 4498
5377039 2795
5379834 2101
5381935 1103
5383038 841
5383879 2672
5386551 5816
5392367 981
5393348 1841
5395189 1768
5396957 7506
5404463 1240
5405703 2260
5407963 2465
5410428 1427
5411855 616
5412471 5037
5417508 6155
5423663 11657
5435320 1251
5436571 2376
5438947 1063
5440010 1298
5441308 2216
5443524 2854
5446378 5220
5451598 2474
5454072 3056
5457128 20113
5477241 2882
5480123 1646
5481769 2280
5484049 1797
5485846 1494
5487340 7384
5494724 4636
5499360 12624
5511984 2446
5514430 1856
5516286 1479
5517765 3142
5520907 1412
5522319 3914
5526233 1137
5527370 1164
5528534 1370
5529904 2419
5532323 1993
5534316 2394
5536710 3499
5540209 233
5540442 1004
5541446 7353
5548799 5243
5554042 6603
5560645 4467
5565112 3732
5568844 2783
5571627 30956
5602583 3995
5606578 5320
5611898 2878
5614776 1998
5616774 4776
5621550 1259
5622809 2595
5625404 2726
5628130 758
5628888 5983
5634871 3359
5638230 8976
5647206 4048
5651254 2074
5653328 3455
5656783 7621
5664404 2665
5667069 2762
5669831 9693
5679524 19370
5698894 3141
5702035 2778
5704813 5401
5710214 2286
5712500 4292
5716792 6621
5723413 995
5724408 4914
5729322 8313
5737635 5380
5743015 6711
5749726 955
5750681 3820
5754501 2984
5757485 3619
5761104 2575
5763679 3735
5767414 4721
5772135 9665
5781800 9672
5791472 11564
5803036 2188
5805224 4831
5810055 3053
5813108 1683
5814791 5821
5820612 2066
5822678 1958
5824636 8427
5833063 8830
5841893 2793
5844686 4528
5849214 3183
5852397 1979
5854376 10684
5865060 6317
5871377 4918
5876295 5341
5881636 1355
5882991 1891
5884882 3640
5888522 231
5888753 3739
5892492 2568
5895060 7723
5902783 7040
5909823 6523
5916346 8837
5925183 3188
5928371 2848
5931219 1881
5933100 7098
5940198 3449
5943647 2688
5946335 1200
5947535 11674
5959209 10878
5970087 9939
5980026 6974
5987000 8974
5995974 2330
5998304 557
5998861 2812
6001673 660
6002333 6410
6008743 4337
6013080 2359
6015439 9230
6024669 6558
6031227 1599
6032826 7451
6040277 2770
6043047 7721
6050768 4512
6055280 2977
6058257 6347
6064604 9291
6073895 3011
6076906 4423
6081329 3935
6085264 1753
6087017 6555
6093572 5512
6099084 5271
6104355 8067
6112422 1875
6114297 2857
6117154 8531
6125685 4250
6129935 3251
6133186 12883
6146069 4600
6150669 2397
6153066 2453
6155519 685
6156204 1402
6157606 10108
6167714 21787
6189501 897
6190398 3539
6193937 3860
6197797 1448
6199245 1093
6200338 5785
6206123 1238
6207361 936
6208297 10846
6219143 1381
6220524 17751
6238275 9499
6247774 2869
6250643 3996
6254639 1381
6256020 4624
6260644 5981
6266625 1085
6267710 903
6268613 2327
6270940 8191
6279131 3280
6282411 1867
6284278 555
6284833 1573
6286406 2301
6288707 3833
6292540 5959
6298499 1355
6299854 3193
6303047 1265
6304312 1339
6305651 1129
6306780 5561
6312341 955
6313296 4389
6317685 368
6318053 8900
6326953 3615
6330568 1631
6332199 1363
6333562 6420
6339982 4097
6344079 1275
6345354 2968
6348322 2681
6351003 1804
6352807 4135
6356942 12841
6369783 1499
6371282 4054
6375336 3604
6378940 1389
6380329 1112
6381441 3983
6385424 6897
6392321 12963
6405284 1608
6406892 1542
6408434 1477
6409911 2455
6412366 2182
6414548 1771
6416319 1788
6418107 1179
6419286 1660
6420946 829
6421775 7045
6428820 8152
6436972 1501
6438473 1107
6439580 4691
6444271 2446
6446717 1189
6447906 6458
6454364 1794
6456158 7575
6463733 2189
6465922 6412
6472334 4015
6476349 1415
6477764 8355
6486119 6916
6493035 9551
6502586 3664
6506250 2247
6508497 3413
6511910 4750
6516660 1703
6518363 641
6519004 675
6519679 648
6520327 693
6521020 675
6521695 651
6522346 621
6522967 644
6523611 707
6524318 678
6524996 688
6525684 658
6526342 653
6526995 656
6527651 656
6528307 656
6528963 653
6529616 647
6530263 658
6530921 662
6531583 674
6532257 657
6532914 644
6533558 650
6534208 703
6534911 646
6535557 389
6535946 691
6536637 676
6537313 592
6537905 659
6538564 702
6539266 655
6539921 687
6540608 672
6541280 660
6541940 680
6542620 673
6543293 683
6543976 677
6544653 656
6545309 654
6545963 641
6546604 675
6547279 648
6547927 696
6548623 653
6549276 649
6549925 574
6550499 644
6551143 674
6551817 659
6552476 644
6553120 645
6553765 692
6554457 644
6555101 650
6555751 678
6556429 648
6557077 691
6557768 687
6558455 654
6559109 574
6559683 644
6560327 313
6560640 330
6560970 674
6561644 657
6562301 307
6562608 329
6562937 685
6563622 644
6564266 652
6564918 679
6565597 701
6566298 653
6566951 659
6567610 654
6568264 658
6568922 574
6569496 678
6570174 677
6570851 656
6571507 678
6572185 674
6572859 652
6573511 649
6574160 678
6574838 665
6575503 698
6576201 678
6576879 688
6577567 665
6578232 692
6578924 680
6579604 678
6580282 680
6580962 674
6581636 654
6582290 651
6582941 640
6583581 644
6584225 647
6584872 655
6585527 663
6586190 655
6586845 678
6587523 620
6588143 676
6588819 661
6589480 643
6590123 657
6590780 678
6591458 655
6592113 657
6592770 654
6593424 654
6594078 685
6594763 663
6595426 678
6596104 686
6596790 686
6597476 644
6598120 637
6598757 648
6599405 655
6600060 663
6600723 656
6601379 659
6602038 620
6602658 678
6603336 647
6603983 658
6604641 644
6605285 678
6605963 651
6606614 661
6607275 678
6607953 638
6608591 648
6609239 656
6609895 665
6610560 657
6611217 654
6611871 622
6612493 676
6613169 660
6613829 642
6614471 678
6615149 652
6615801 661
6616462 726
6617188 663
6617851 677
6618528 639
6619167 619
6619786 655
6620441 655
6621096 641
6621737 649
6622386 656
6623042 663
6623705 656
6624361 652
6625013 659
6625672 644
6626316 677
6626993 677
6627670 649
6628319 649
6628968 665
6629633 677
6630310 639
6630949 652
6631601 656
6632257 665
6632922 656
6633578 653
6634231 619
6634850 677
6635527 659
6636186 640
6636826 677
6637503 648
6638151 657
6638808 665
6639473 677
6640150 647
6640797 639
6641436 650
6642086 656
6642742 667
6643409 657
6644066 654
6644720 677
6645397 619
6646016 711
6646727 658
6647385 644
6648029 677
6648706 700
6649406 692
6650098 649
6650747 665
6651412 676
6652088 693
6652781 668
6653449 685
6654134 680
6654814 684
6655498 672
6656170 687
6656857 681
6657538 685
6658223 683
6658906 659
6659565 655
6660220 652
6660872 641
6661513 650
6662163 651
6662814 666
6663480 656
6664136 685
6664821 619
6665440 645
6666085 677
6666762 666
6667428 659
6668087 643
6668730 680
6669410 677
6670087 646
6670733 665
6671398 677
6672075 637
6672712 649
6673361 656
6674017 669
6674686 658
6675344 660
6676004 621
6676625 677
6677302 658
6677960 642
6678602 677
6679279 645
6679924 664
6680588 677
6681265 635
6681900 620
6682520 659
6683179 658
6683837 657
6684494 639
6685133 651
6685784 656
6686440 666
6687106 656
6687762 685
6688447 678
6689125 659
6689784 642
6690426 678
6691104 708
6691812 632
6692444 657
6693101 695
6693796 651
6694447 666
6695113 678
6695791 682
6696473 679
6697152 711
6697863 691
6698554 668
6699222 670
6699892 670
6700562 682
6701244 681
6701925 710
6702635 646
6703281 652
6703933 656
6704589 638
6705227 650
6705877 656
6706533 666
6707199 654
6707853 710
6708563 621
6709184 678
6709862 660
6710522 641
6711163 678
6711841 654
6712495 662
6713157 678
6713835 674
6714509 637
6715146 651
6715797 651
6716448 663
6717111 660
6717771 672
6718443 620
6719063 678
6719741 668
6720409 658
6721067 640
6721707 678
6722385 662
6723047 679
6723726 678
6724404 621
6725025 680
6725705 678
6726383 663
6727046 640
6727686 678
6728364 658
6729022 643
6729665 645
6730310 678
6730988 656
6731644 715
6732359 660
6733019 676
6733695 690
6734385 676
6735061 659
6735720 678
6736398 682
6737080 667
6737747 680
6738427 677
6739104 5139
6744243 9824
6754067 1685
6755752 774
6756526 759
6757285 2953
6760238 1903
6762141 2344
6764485 3215
6767700 2925
6770625 2988
6773613 3040
6776653 2470
6779123 2501
6781624 2570
6784194 886
6785080 1628
6786708 5862
6792570 2610
6795180 1320
6796500 2077
6798577 1612
6800189 2930
6803119 5835
6808954 1227
6810181 2854
6813035 1876
6814911 1269
6816180 1153
6817333 1810
6819143 6024
6825167 1834
6827001 3472
6830473 1627
6832100 645
6832745 2736
6835481 931
6836412 5793
6842205 5243
6847448 1645
6849093 796
6849889 825
6850714 2517
6853231 5832
6859063 3771
6862834 3747
6866581 3705
6870286 3800
6874086 3854
6877940 3882
6881822 4086
6885908 3903
6889811 3828
6893639 3852
6897491 3870
6901361 3789
6905150 3828
6908978 3846
6912824 3842
6916666 3889
6920555 3728
6924283 661
6924944 5852
6930796 717
6931513 2837
6934350 2900
6937250 1125
6938375 1308
6939683 7613
6947296 1517
6948813 2329
6951142 2129
6953271 1490
6954761 1016
6955777 1735
6957512 2655
6960167 1942
6962109 17073
6979182 1579
6980761 4880
6985641 2141
6987782 2852
6990634 6312
6996946 566
6997512 4066
7001578 2074
7003652 1245
7004897 4691
7009588 886
7010474 2150
7012624 1928
7014552 4215
7018767 4728
7023495 9270
7032765 4163
7036928 2739
7039667 877
7040544 842
7041386 941
7042327 1085
7043412 1509
7044921 3294
7048215 1233
7049448 1809
7051257 4586
7055843 1112
7056955 4253
7061208 1856
7063064 2178
7065242 4988
7070230 2662
7072892 2632
7075524 392
7075916 1558
7077474 1531
7079005 2220
7081225 1524
7082749 1112
7083861 2698
7086559 1046
7087605 360
7087965 4608
7092573 1315
7093888 924
7094812 3949
7098761 1371
7100132 3159
7103291 2654
7105945 567
7106512 1320
7107832 1269
7109101 2529
7111630 1228
7112858 8180
7121038 621
7121659 1366
7123025 7446
7130471 3899
7134370 3746
7138116 3498
7141614 7040
7148654 4953
7153607 1691
7155298 1625
7156923 2068
7158991 1373
7160364 537
7160901 1386
7162287 2328
7164615 4523
7169138 1569
7170707 11589
7182296 2084
7184380 847
7185227 949
7186176 1090
7187266 1855
7189121 746
7189867 11602
7201469 1813
7203282 2995
7206277 3776
7210053 980
7211033 2240
7213273 1259
7214532 4793
7219325 341
7219666 7086
7226752 1073
7227825 1812
7229637 2597
7232234 1515
7233749 1276
7235025 6710
7241735 3570
7245305 1037
7246342 3565
7249907 1683
7251590 3026
7254616 1350
7255966 539
7256505 806
7257311 4867
7262178 1264
7263442 6477
7269919 2722
7272641 474
7273115 4273
7277388 551
7277939 1517
7279456 2156
7281612 2826
7284438 3206
7287644 1406
7289050 1564
7290614 1166
7291780 1481
7293261 2380
7295641 621
7296262 449
7296711 459
7297170 475
7297645 519
7298164 489
7298653 497
7299150 521
7299671 557
7300228 505
7300733 535
7301268 511
7301779 503
7302282 519
7302801 487
7303288 555
7303843 3716
7307559 2035
7309594 3251
7312845 2896
7315741 7612
7323353 445
7323798 547
7324345 11295
7335640 4526
7340166 3711
7343877 9061
7352938 3442
7356380 2086
7358466 2036
7360502 7166
7367668 6499
7374167 3725
7377892 2281
7380173 15004
7395177 6449
7401626 1363
7402989 2010
7404999 2972
7407971 2619
7410590 2171
7412761 1623
7414384 775
7415159 1425
7416584 769
7417353 421
7417774 4022
7421796 3959
7425755 3097
7428852 4199
7433051 7642
7440693 5472
7446165 1390
7447555 5361
7452916 1207
7454123 963
7455086 1893
7456979 2454
7459433 5531
7464964 2545
7467509 8135
7475644 2505
7478149 950
7479099 881
7479980 1677
7481657 2273
7483930 7321
7491251 1675
7492926 4803
7497729 2491
7500220 3672
7503892 2727
7506619 7003
7513622 2338
7515960 3057
7519017 4639
7523656 2557
7526213 2919
7529132 1940
7531072 1309
7532381 4772
7537153 1669
7538822 1038
7539860 1637
7541497 1835
7543332 4644
7547976 1708
7549684 2720
7552404 9384
7561788 1912
7563700 2669
7566369 9125
7575494 3586
7579080 6193
7585273 3404
7588677 2991
7591668 7917
7599585 1769
7601354 2236
7603590 1682
7605272 998
7606270 2423
7608693 1714
7610407 1816
7612223 15114
7627337 7422
7634759 3178
7637937 1710
7639647 1446
7641093 7723
7648816 2027
7650843 2149
7652992 1819
7654811 1721
7656532 2112
7658644 1192
7659836 791
7660627 3259
7663886 796
7664682 6246
7670928 6388
7677316 5766
7683082 10777
7693859 3822
7697681 1613
7699294 2178
7701472 9613
7711085 4341
7715426 6414
7721840 3077
7724917 6127
7731044 6108
7737152 1722
7738874 6501
7745375 3304
7748679 6739
7755418 9063
7764481 1454
7765935 2939
7768874 1804
7770678 3380
7774058 6042
7780100 6822
7786922 6332
7793254 6454
7799708 9729
7809437 9770
7819207 1210
7820417 743
7821160 1176
7822336 3826
7826162 698
7826860 5556
7832416 1421
7833837 2810
7836647 2347
7838994 5557
7844551 12247
7856798 2626
7859424 26115
7885539 3740
7889279 4065
7893344 12460
7905804 4431
7910235 3921
7914156 14681
7928837 12303
7941140 3705
7944845 1666
7946511 9132
7955643 1833
7957476 742
7958218 3261
7961479 2886
7964365 5849
7970214 9648
7979862 4073
7983935 1164
7985099 1815
7986914 5530
7992444 4627
7997071 4573
8001644 4424
8006068 1888
8007956 4400
8012356 3705
8016061 6194
8022255 4221
8026476 1135
8027611 764
8028375 8874
8037249 3984
8041233 7037
8048270 1542
8049812 2508
8052320 1117
8053437 1055
8054492 1046
8055538 5357
8060895 11029
8071924 777
8072701 696
8073397 4048
8077445 10120
8087565 1339
8088904 3140
8092044 882
8092926 713
8093639 657
8094296 1018
8095314 756
8096070 1783
8097853 12329
8110182 4357
8114539 11222
8125761 3641
8129402 1331
8130733 5553
8136286 1276
8137562 1992
8139554 2700
8142254 2456
8144710 1252
8145962 1175
8147137 6856
8153993 3205
8157198 2632
8159830 5280
8165110 1953
8167063 2608
8169671 4813
8174484 4766
8179250 4525
8183775 3126
8186901 7733
8194634 5851
8200485 3567
8204052 3382
8207434 2404
8209838 3533
8213371 2213
8215584 2078
8217662 9227
8226889 5448
8232337 7564
8239901 5480
8245381 4898
8250279 8306
8258585 11991
8270576 6371
8276947 1472
8278419 1897
8280316 1015
8281331 5339
8286670 2992
8289662 710
8290372 4230
8294602 855
8295457 3188
8298645 773
8299418 960
8300378 4268
8304646 3710
8308356 1315
8309671 1847
8311518 1188
8312706 1676
8314382 918
8315300 2538
8317838 4424
8322262 4722
8326984 1150
8328134 2282
8330416 996
8331412 2012
8333424 933
8334357 1233
8335590 1523
8337113 594
8337707 4005
8341712 1488
8343200 4851
8348051 2522
8350573 2106
8352679 2528
8355207 2279
8357486 3524
8361010 1712
8362722 1162
8363884 2646
8366530 2065
8368595 1935
8370530 4330
8374860 14636
8389496 2162
8391658 6625
8398283 13768
8412051 9099
8421150 3743
8424893 4644
8429537 3677
8433214 5709
8438923 1728
8440651 9133
8449784 4024
8453808 1929
8455737 9801
8465538 6524
8472062 2490
8474552 4566
8479118 7588
8486706 2123
8488829 3742
8492571 4350
8496921 1123
8498044 2251
8500295 6743
8507038 8249
8515287 3745
8519032 5050
8524082 3530
8527612 1918
8529530 1021
8530551 1440
8531991 1199
8533190 2128
8535318 1328
8536646 1767
8538413 1837
8540250 2211
8542461 1833
8544294 7696
8551990 18384
8570374 3908
8574282 4440
8578722 3375
8582097 3578
8585675 10542
8596217 4094
8600311 1248
8601559 923
8602482 1535
8604017 996
8605013 2004
8607017 4493
8611510 1661
8613171 6273
8619444 7729
8627173 2024
8629197 4034
8633231 2704
8635935 4802
8640737 8879
8649616 5008
8654624 8006
8662630 4816
8667446 10070
8677516 2243
8679759 1648
8681407 2132
8683539 1907
8685446 2468
8687914 2926
8690840 2614
8693454 13333
8706787 2521
8709308 2292
8711600 2546
8714146 3118
8717264 1619
8718883 10192
8729075 9684
8738759 4752
8743511 7032
8750543 3692
8754235 3459
8757694 2879
8760573 5910
8766483 3116
8769599 5891
8775490 4805
8780295 13767
8794062 3863
8797925 3002
8800927 1656
8802583 8141
8810724 5724
8816448 12535
8828983 3848
8832831 2237
8835068 5500
8840568 5882
8846450 7960
8854410 10175
8864585 3635
8868220 3421
8871641 2217
8873858 417
8874275 3816
8878091 2063
8880154 1516
8881670 7411
8889081 1053
8890134 977
8891111 1710
8892821 3311
8896132 1858
8897990 4094
8902084 2203
8904287 4060
8908347 1430
8909777 4953
8914730 2635
8917365 1786
8919151 2009
8921160 1518
8922678 3263
8925941 3766
8929707 4279
8933986 3636
8937622 14636
8952258 3083
8955341 4851
8960192 4134
8964326 2652
8966978 2755
8969733 3601
8973334 3499
8976833 19826
8996659 4029
9000688 1283
9001971 4203
9006174 3705
9009879 5378
9015257 4350
9019607 3824
9023431 4402
9027833 3099
9030932 1719
9032651 4334
9036985 3766
9040751 3208
9043959 4027
9047986 4189
9052175 3573
9055748 3673
9059421 3835
9063256 4034
9067290 3501
9070791 4340
9075131 10541
9085672 3793
9089465 4749
9094214 3533
9097747 4051
9101798 4806
9106604 4215
9110819 3981
9114800 3508
9118308 2875
9121183 3120
9124303 3162
9127465 4091
9131556 3297
9134853 19386
9154239 4384
9158623 3437
9162060 1583
9163643 3483
9167126 3545
9170671 19571
9190242 4703
9194945 1540
9196485 3443
9199928 4878
9204806 4176
9208982 3372
9212354 1256
9213610 3483
9217093 5475
9222568 3805
9226373 5095
9231468 3201
9234669 3319
9237988 3668
9241656 3760
9245416 3510
9248926 2766
9251692 3268
9254960 3676
9258636 3225
9261861 3580
9265441 18969
9284410 4546
9288956 3811
9292767 3651
9296418 1624
9298042 4359
9302401 1268
9303669 962
9304631 2990
9307621 4101
9311722 3579
9315301 2878
9318179 3558
9321737 2642
9324379 1139
9325518 4252
9329770 19844
9349614 3857
9353471 4852
9358323 3359
9361682 4845
9366527 3345
9369872 3305
9373177 3677
9376854 2844
9379698 2733
9382431 1277
9383708 1133
9384841 888
9385729 1008
9386737 1023
9387760 2387
9390147 1771
9391918 1180
9393098 930
9394028 1161
9395189 1385
9396574 1026
9397600 1977
9399577 2653
9402230 1303
9403533 2770
9406303 2846
9409149 3027
9412176 1090
9413266 3655
9416921 2573
9419494 4324
9423818 3360
9427178 5911
9433089 3329
9436418 950
9437368 2357
9439725 4657
9444382 2342
9446724 824
9447548 5835
9453383 1264
9454647 6045
9460692 904
9461596 1648
9463244 903
9464147 3304
9467451 6447
9473898 856
9474754 3450
9478204 4067
9482271 1277
9483548 1111
9484659 1832
9486491 1565
9488056 2527
9490583 2526
9493109 1778
9494887 1409
9496296 2940
9499236 2467
9501703 1598
9503301 1891
9505192 1111
9506303 981
9507284 3394
9510678 1988
9512666 1959
9514625 2254
9516879 1984
9518863 3154
9522017 1824
9523841 3227
9527068 3831
9530899 547
9531446 1135
9532581 840
9533421 2598
9536019 1087
9537106 2310
9539416 1892
9541308 1454
9542762 754
9543516 1707
9545223 2568
9547791 1596
9549387 2316
9551703 2419
9554122 2279
9556401 1097
9557498 2550
9560048 1456
9561504 4216
9565720 2139
9567859 1820
9569679 2279
9571958 4243
9576201 567
9576768 860
9577628 2594
9580222 4269
9584491 3588
9588079 934
9589013 4110
9593123 3544
9596667 1251
9597918 2425
9600343 2684
9603027 8107
9611134 11571
9622705 2069
9624774 3629
9628403 5191
9633594 5356
9638950 5184
9644134 6362
9650496 1055
9651551 7220
9658771 2965
9661736 9557
9671293 4241
9675534 6446
9681980 2907
9684887 1616
9686503 2943
9689446 3423
9692869 1794
9694663 5576
9700239 9094
9709333 209
9709542 2315
9711857 8442
9720299 6820
9727119 6482
9733601 3711
9737312 3404
9740716 2910
9743626 3436
9747062 492
9747554 2190
9749744 3948
9753692 3637
9757329 2932
9760261 3601
9763862 2718
9766580 6583
9773163 9444
9782607 8461
9791068 10548
9801616 9715
9811331 10297
9821628 7979
9829607 5495
9835102 6265
9841367 7514
9848881 3572
9852453 4011
9856464 2392
9858856 1579
9860435 1684
9862119 3173
9865292 3535
9868827 7621
9876448 6363
9882811 5958
9888769 3594
9892363 4615
9896978 3505
9900483 11625
9912108 5173
9917281 6662
9923943 4827
9928770 1092
9929862 4188
9934050 3679
9937729 3464
9941193 4333
9945526 4926
9950452 4579
9955031 8007
9963038 2267
9965305 5559
9970864 4399
9975263 6553
9981816 4811
9986627 2189
9988816 2165
9990981 1515
9992496 3335
9995831 4617
10000448 4156
10004604 6257
10010861 8599
10019460 1875
10021335 5802
10027137 7296
10034433 1307
10035740 3442
10039182 4129
10043311 1648
10044959 7316
10052275 2776
10055051 10161
10065212 4314
10069526 5826
10075352 836
10076188 3778
10079966 1997
10081963 502
10082465 3193
10085658 2141
10087799 10224
10098023 1157
10099180 1373
10100553 5212
10105765 2563
10108328 6685
10115013 7856
10122869 1448
10124317 1802
10126119 2276
10128395 3444
10131839 1988
10133827 2132
10135959 6079
10142038 2106
10144144 1487
10145631 1137
10146768 3208
10149976 6345
10156321 2014
10158335 2422
10160757 2639
10163396 2643
10166039 3633
10169672 1443
10171115 8526
10179641 3940
10183581 1510
10185091 10476
10195567 4130
10199697 7233
10206930 10066
10216996 3390
10220386 6526
10226912 4403
10231315 4692
10236007 3024
10239031 1351
10240382 3104
10243486 1987
10245473 1700
10247173 1746
10248919 3384
10252303 2095
10254398 2160
10256558 1014
10257572 1924
10259496 3988
10263484 2229
10265713 5429
10271142 1775
10272917 1927
10274844 2575
10277419 2225
10279644 2410
10282054 2217
10284271 1824
10286095 2414
10288509 6049
10294558 4985
10299543 1659
10301202 13706
10314908 5403
10320311 1007
10321318 14536
10335854 1885
10337739 1636
10339375 1126
10340501 1548
10342049 1795
10343844 6109
10349953 3019
10352972 3109
10356081 2417
10358498 1985
10360483 2881
10363364 5434
10368798 15423
10384221 7270
10391491 3386
10394877 3265
10398142 2571
10400713 2991
10403704 1373
10405077 2328
10407405 5304
10412709 1642
10414351 1327
10415678 1735
10417413 2021
10419434 2095
10421529 2634
10424163 2059
10426222 1526
10427748 1520
10429268 1425
10430693 2521
10433214 2002
10435216 3167
10438383 2484
10440867 7820
10448687 2697
10451384 2048
10453432 6251
10459683 4279
10463962 4399
10468361 3868
10472229 6921
10479150 3638
10482788 3318
10486106 4658
10490764 5300
10496064 4477
10500541 3453
10503994 4155
10508149 1173
10509322 7981
10517303 4605
10521908 4423
10526331 4408
10530739 4120
10534859 5598
10540457 7832
10548289 2380
10550669 2161
10552830 2984
10555814 2978
10558792 4648
10563440 5463
10568903 3202
10572105 4122
10576227 5494
10581721 4716
10586437 5152
10591589 2524
10594113 2762
10596875 3002
10599877 8296
10608173 1262
10609435 804
10610239 237
10610476 4182
10614658 3378
10618036 1578
10619614 9983
10629597 3102
10632699 8789
10641488 3997
10645485 5279
10650764 4966
10655730 8618
10664348 4831
10669179 3954
10673133 555
10673688 4720
10678408 4428
10682836 3848
10686684 5859
10692543 7251
10699794 6503
10706297 2607
10708904 3394
10712298 1001
10713299 22945
10736244 18615
10754859 2617
10757476 8511
10765987 1680
10767667 2428
10770095 7170
10777265 3373
10780638 11048
10791686 2909
10794595 3545
10798140 3256
10801396 4870
10806266 7299
10813565 6937
10820502 6226
10826728 1108
10827836 2819
10830655 3480
10834135 1080
10835215 2471
10837686 1587
10839273 6378
10845651 13659
10859310 2131
10861441 12987
10874428 6504
10880932 2912
10883844 5066
10888910 1997
10890907 9079
10899986 6598
10906584 2514
10909098 6480
10915578 6390
10921968 3618
10925586 6895
10932481 10217
10942698 2213
10944911 3710
10948621 2371
10950992 3743
10954735 2982
10957717 3809
10961526 1657
10963183 10174
10973357 2179
10975536 5022
10980558 2455
10983013 1549
10984562 7993
10992555 6830
10999385 4488
11003873 9653
11013526 6448
11019974 5773
11025747 2913
11028660 5718
11034378 10486
11044864 4351
11049215 6201
11055416 4675
11060091 2312
11062403 3467
11065870 8942
11074812 1843
11076655 5778
11082433 4085
11086518 4090
11090608 2648
11093256 404
11093660 1893
11095553 7440
11102993 4486
11107479 2466
11109945 1780
11111725 3124
11114849 3563
11118412 2829
11121241 5276
11126517 1213
11127730 1199
11128929 3151
11132080 7658
11139738 7691
11147429 1226
11148655 6073
11154728 1729
11156457 2366
11158823 4875
11163698 1760
11165458 3394
11168852 1964
11170816 1208
11172024 2678
11174702 707
11175409 2837
11178246 5247
11183493 223
11183716 1693
11185409 2871
11188280 4199
11192479 1288
11193767 1148
11194915 1655
11196570 1219
11197789 1699
11199488 861
11200349 902
11201251 3864
11205115 867
11205982 3151
11209133 7882
11217015 2584
11219599 1543
11221142 3198
11224340 1195
11225535 2736
11228271 2388
11230659 1383
11232042 1066
11233108 3709
11236817 3109
11239926 1501
11241427 8390
11249817 1500
11251317 2093
11253410 993
11254403 1703
11256106 1662
11257768 951
11258719 2464
11261183 9683
11270866 3996
11274862 5346
11280208 1340
11281548 14632
11296180 1132
11297312 1353
11298665 5271
11303936 2538
11306474 3125
11309599 6910
11316509 6242
11322751 9240
11331991 11733
11343724 2109
11345833 6538
11352371 5853
11358224 10066
11368290 7744
11376034 6014
11382048 1259
11383307 4971
11388278 10018
11398296 5540
11403836 3073
11406909 2026
11408935 1990
11410925 2353
11413278 1856
11415134 1450
11416584 1530
11418114 1595
11419709 1669
11421378 3491
11424869 2581
11427450 15309
11442759 3337
11446096 8004
11454100 3710
11457810 3460
11461270 6186
11467456 2586
11470042 3720
11473762 2791
11476553 9397
11485950 1414
11487364 1962
11489326 5007
11494333 1432
11495765 1728
11497493 1866
11499359 2906
11502265 8199
11510464 7550
11518014 3521
11521535 9781
11531316 1675
11532991 982
11533973 1685
11535658 4163
11539821 3792
11543613 1055
11544668 15123
11559791 4163
11563954 6540
11570494 3517
11574011 3528
11577539 1246
11578785 4823
11583608 792
11584400 529
11584929 7821
11592750 2889
11595639 3659
11599298 2765
11602063 1243
11603306 1023
11604329 2175
11606504 11893
11618397 5387
11623784 5930
11629714 1796
11631510 1080
11632590 22701
11655291 1537
11656828 6651
11663479 6444
11669923 9608
11679531 1660
11681191 3806
11684997 2130
11687127 1624
11688751 3112
11691863 1213
11693076 618
11693694 1604
11695298 1675
11696973 1601
11698574 8855
11707429 7818
11715247 4470
11719717 2961
11722678 644
11723322 7726
11731048 4084
11735132 12591
11747723 4965
11752688 2564
11755252 3940
11759192 16244
11775436 6350
11781786 2661
11784447 340
11784787 2390
11787177 3897
11791074 2859
11793933 13602
11807535 7973
11815508 1950
11817458 2821
11820279 1972
11822251 1890
11824141 3512
11827653 2257
11829910 3099
11833009 2032
11835041 1870
11836911 2232
11839143 2978
11842121 2898
11845019 1971
11846990 2256
11849246 2231
11851477 1869
11853346 2031
11855377 2645
11858022 3362
11861384 2209
11863593 1952
11865545 1815
11867360 2127
11869487 4543
11874030 3939
11877969 3841
11881810 3048
11884858 2493
11887351 2608
11889959 2373
11892332 2414
11894746 4543
11899289 355
11899644 5906
11905550 3939
11909489 3841
11913330 9995
11923325 2849
11926174 1001
11927175 4465
11931640 7213
11938853 340
11939193 3240
11942433 2713
11945146 2420
11947566 2639
11950205 3610
11953815 4395
11958210 2652
11960862 5033
11965895 2791
11968686 8269
11976955 2794
11979749 6329
11986078 2488
11988566 1261
11989827 17882
12007709 9915
12017624 3002
12020626 3285
12023911 5929
12029840 3524
12033364 1983
12035347 3121
12038468 4536
12043004 4417
12047421 3761
12051182 3033
12054215 24617
12078832 11374
12090206 16366
12106572 30769
12137341 3827
12141168 7431
12148599 1324
12149923 1102
12151025 9104
12160129 11293
12171422 9278
12180700 16033
12196733 8780
12205513 8472
12213985 7407
12221392 11318
12232710 19531
12252241 13581
12265822 5509
12271331 517
12271848 857
12272705 3221
12275926 7367
12283293 564
12283857 1562
12285419 3484
12288903 2128
12291031 9194
12300225 8048
12308273 8591
12316864 4716
12321580 2714
12324294 4108
12328402 5105
12333507 7177
12340684 3432
12344116 2859
12346975 704
12347679 1077
12348756 1665
12350421 6703
12357124 1373
12358497 11476
12369973 6373
12376346 4464
12380810 25831
12406641 3775
12410416 5168
12415584 8431
12424015 9798
12433813 4658
12438471 6398
12444869 9624
12454493 12872
12467365 4717
12472082 10985
12483067 6299
12489366 5136
12494502 1782
12496284 3841
12500125 4792
12504917 3735
12508652 10743
12519395 9941
12529336 6875
12536211 6136
12542347 6614
12548961 5832
12554793 4125
12558918 3934
12562852 3530
12566382 3869
12570251 3359
12573610 12303
12585913 12870
12598783 4256
12603039 2888
12605927 5599
12611526 15945
12627471 4320
12631791 744
12632535 1229
12633764 4437
12638201 4411
12642612 2116
12644728 13065
12657793 6734
12664527 8861
12673388 7774
12681162 10725
12691887 241
12692128 7032
12699160 8975
12708135 2369
12710504 8191
12718695 8323
12727018 3924
12730942 5784
12736726 10295
12747021 2574
12749595 13771
12763366 4714
12768080 556
12768636 1560
12770196 3115
12773311 695
12774006 686
12774692 709
12775401 690
12776091 729
12776820 707
12777527 718
12778245 664
12778909 659
12779568 682
12780250 667
12780917 745
12781662 713
12782375 691
12783066 659
12783725 702
12784427 655
12785082 687
12785769 672
12786441 660
12787101 680
12787781 673
12788454 683
12789137 677
12789814 695
12790509 729
12791238 679
12791917 712
12792629 692
12793321 688
12794009 707
12794716 689
12795405 695
12796100 727
12796827 682
12797509 715
12798224 724
12798948 701
12799649 725
12800374 686
12801060 702
12801762 734
12802496 714
12803210 690
12803900 665
12804565 698
12805263 678
12805941 688
12806629 665
12807294 692
12807986 680
12808666 678
12809344 680
12810024 674
12810698 686
12811384 728
12812112 684
12812796 714
12813510 694
12814204 659
12814863 697
12815560 690
12816250 710
12816960 692
12817652 729
12818381 664
12819045 683
12819728 715
12820443 690
12821133 697
12821830 689
12822519 692
12823211 710
12823921 729
12824650 683
12825333 713
12826046 678
12826724 741
12827465 695
12828160 670
12828830 699
12829529 682
12830211 693
12830904 681
12831585 668
12832253 681
12832934 676
12833610 693
12834303 677
12834980 731
12835711 704
12836415 685
12837100 714
12837814 682
12838496 685
12839181 690
12839871 690
12840561 688
12841249 710
12841959 691
12842650 728
12843378 684
12844062 715
12844777 723
12845500 690
12846190 666
12846856 692
12847548 690
12848238 709
12848947 697
12849644 729
12850373 684
12851057 688
12851745 682
12852427 739
12853166 714
12853880 681
12854561 693
12855254 693
12855947 668
12856615 685
12857300 680
12857980 684
12858664 672
12859336 687
12860023 681
12860704 685
12861389 683
12862072 700
12862772 729
12863501 654
12864155 712
12864867 684
12865551 714
12866265 690
12866955 725
12867680 711
12868391 694
12869085 689
12869774 726
12870500 684
12871184 740
12871924 664
12872588 673
12873261 712
12873973 693
12874666 692
12875358 700
12876058 729
12876787 691
12877478 709
12878187 721
12878908 688
12879596 698
12880294 685
12880979 736
12881715 740
12882455 688
12883143 714
12883857 685
12884542 674
12885216 678
12885894 682
12886576 679
12887255 711
12887966 691
12888657 668
12889325 670
12889995 670
12890665 682
12891347 681
12892028 710
12892738 700
12893438 721
12894159 683
12894842 724
12895566 713
12896279 687
12896966 712
12897678 704
12898382 716
12899098 700
12899798 699
12900497 724
12901221 680
12901901 713
12902614 696
12903310 724
12904034 732
12904766 685
12905451 690
12906141 713
12906854 677
12907531 683
12908214 678
12908892 677
12909569 719
12910288 676
12910964 690
12911654 676
12912330 659
12912989 678
12913667 682
12914349 667
12915016 680
12915696 677
12916373 695
12917068 675
12917743 684
12918427 720
12919147 725
12919872 740
12920612 714
12921326 680
12922006 690
12922696 711
12923407 674
12924081 713
12924794 670
12925464 686
12926150 698
12926848 683
12927531 696
12928227 720
12928947 680
12929627 673
12930300 713
12931013 683
12931696 698
12932394 675
12933069 720
12933789 684
12934473 701
12935174 686
12935860 696
12936556 734
12937290 729
12938019 740
12938759 682
12939441 754
12940195 711
12940906 680
12941586 685
12942271 674
12942945 705
12943650 664
12944314 670
12944984 693
12945677 673
12946350 691
12947041 678
12947719 705
12948424 669
12949093 719
12949812 703
12950515 682
12951197 712
12951909 678
12952587 684
12953271 719
12953990 706
12954696 684
12955380 685
12956065 697
12956762 681
12957443 712
12958155 716
12958871 678
12959549 670
12960219 722
12960941 689
12961630 682
12962312 707
12963019 697
12963716 675
12964391 713
12965104 752
12965856 712
12966568 684
12967252 731
12967983 730
12968713 723
12969436 739
12970175 742
12970917 716
12971633 711
12972344 712
12973056 729
12973785 714
12974499 699
12975198 722
12975920 664
12976584 675
12977259 712
12977971 685
12978656 722
12979378 685
12980063 707
12980770 686
12981456 694
12982150 673
12982823 714
12983537 699
12984236 659
12984895 723
12985618 689
12986307 688
12986995 712
12987707 694
12988401 725
12989126 676
12989802 761
12990563 760
12991323 751
12992074 712
12992786 696
12993482 663
12994145 672
12994817 676
12995493 683
12996176 657
12996833 703
12997536 651
12998187 661
12998848 685
12999533 664
13000197 700
13000897 724
13001621 675
13002296 712
13003008 236
13003244 698
13003942 716
13004658 722
13005380 705
13006085 688
13006773 712
13007485 689
13008174 699
13008873 675
13009548 703
13010251 714
13010965 723
13011688 675
13012363 710
13013073 712
13013785 677
13014462 742
13015204 708
13015912 664
13016576 689
13017265 678
13017943 676
13018619 673
13019292 651
13019943 674
13020617 668
13021285 674
13021959 677
13022636 672
13023308 683
13023991 721
13024712 685
13025397 710
13026107 665
13026772 693
13027465 679
13028144 743
13028887 721
13029608 714
13030322 720
13031042 685
13031727 687
13032414 679
13033093 702
13033795 673
13034468 687
13035155 685
13035840 713
13036553 682
13037235 705
13037940 723
13038663 720
13039383 698
13040081 690
13040771 700
13041471 685
13042156 713
13042869 687
13043556 695
13044251 680
13044931 672
13045603 667
13046270 676
13046946 660
13047606 676
13048282 693
13048975 676
13049651 672
13050323 721
13051044 704
13051748 684
13052432 720
13053152 712
13053864 686
13054550 722
13055272 689
13055961 690
13056651 717
13057368 703
13058071 684
13058755 712
13059467 709
13060176 685
13060861 722
13061583 699
13062282 711
13062993 666
13063659 671
13064330 663
13064993 723
13065716 717
13066433 692
13067125 692
13067817 702
13068519 684
13069203 713
13069916 690
13070606 673
13071279 679
13071958 674
13072632 666
13073298 680
13073978 669
13074647 689
13075336 654
13075990 667
13076657 682
13077339 678
13078017 723
13078740 704
13079444 708
13080152 677
13080829 691
13081520 713
13082233 670
13082903 684
13083587 685
13084272 663
13084935 667
13085602 723
13086325 686
13087011 717
13087728 684
13088412 699
13089111 677
13089788 657
13090445 713
13091158 684
13091842 723
13092565 713
13093278 685
13093963 716
13094679 685
13095364 693
13096057 677
13096734 713
13097447 665
13098112 673
13098785 692
13099477 695
13100172 668
13100840 666
13101506 717
13102223 694
13102917 667
13103584 665
13104249 723
13104972 657
13105629 699
13106328 736
13107064 695
13107759 663
13108422 670
13109092 665
13109757 675
13110432 653
13111085 677
13111762 660
13112422 659
13113081 686
13113767 668
13114435 712
13115147 684
13115831 722
13116553 651
13117204 694
13117898 680
13118578 4353
13122931 5497
13128428 3053
13131481 2785
13134266 3778
13138044 2160
13140204 4044
13144248 13175
13157423 2551
13159974 1955
13161929 3659
13165588 3902
13169490 3912
13173402 1933
13175335 5475
13180810 6913
13187723 2545
13190268 4619
13194887 7013
13201900 1540
13203440 2521
13205961 2710
13208671 851
13209522 5398
13214920 306
13215226 875
13216101 3614
13219715 5963
13225678 1275
13226953 1422
13228375 3724
13232099 4620
13236719 2424
13239143 2240
13241383 3814
13245197 4098
13249295 966
13250261 2975
13253236 1177
13254413 1821
13256234 2040
13258274 3164
13261438 7181
13268619 8650
13277269 4004
13281273 4035
13285308 4665
13289973 3941
13293914 4668
13298582 1195
13299777 4254
13304031 2746
13306777 1754
13308531 1116
13309647 4078
13313725 3914
13317639 2928
13320567 1328
13321895 3204
13325099 7729
13332828 19112
13351940 2235
13354175 3823
13357998 1685
13359683 4291
13363974 5159
13369133 8892
13378025 3182
13381207 13415
13394622 3783
13398405 223
13398628 6413
13405041 8749
13413790 5806
13419596 2205
13421801 5013
13426814 1252
13428066 3902
13431968 6403
13438371 1703
13440074 3478
13443552 2844
13446396 6331
13452727 5434
13458161 1845
13460006 6793
13466799 3712
13470511 10473
13480984 7019
13488003 4601
13492604 3563
13496167 6491
13502658 9677
13512335 1631
13513966 2816
13516782 2439
13519221 4598
13523819 8752
13532571 1624
13534195 4854
13539049 1647
13540696 244
13540940 2844
13543784 971
13544755 1148
13545903 15601
13561504 6456
13567960 13987
13581947 760
13582707 2793
13585500 2075
13587575 2632
13590207 2808
13593015 1801
13594816 20087
13614903 9062
13623965 3595
13627560 3577
13631137 3418
13634555 2126
13636681 3385
13640066 453
13640519 2570
13643089 2932
13646021 13953
13659974 1830
13661804 4131
13665935 2783
13668718 2992
13671710 952
13672662 711
13673373 20173
13693546 3869
13697415 253
13697668 28659
13726327 4237
13730564 7424
13737988 9354
13747342 30335
13777677 19706
13797383 973
13798356 639
13798995 2347
13801342 1637
13802979 4988
13807967 3338
13811305 4071
13815376 2523
13817899 4614
13822513 1167
13823680 2026
13825706 692
13826398 444
13826842 9942
13836784 2323
13839107 876
13839983 30475
13870458 3565
13874023 954
13874977 2608
13877585 3146
13880731 353
13881084 7237
13888321 19054
13907375 5725
13913100 1325
13914425 2202
13916627 2370
13918997 2631
13921628 2573
13924201 1267
13925468 9022
13934490 3670
13938160 2168
13940328 2381
13942709 22118
13964827 875
13965702 418
13966120 1174
13967294 3867
13971161 1158
13972319 3561
13975880 3273
13979153 1600
13980753 1369
13982122 2039
13984161 2180
13986341 1306
13987647 1336
13988983 3918
13992901 575
13993476 6493
13999969 2597
14002566 3695
14006261 843
14007104 1294
14008398 2440
14010838 712
14011550 811
14012361 5040
